7	58836996	58836996	1	21
7	58836996	58836996	2	20
12	14151983	14151983	1	11
12	14151983	14151983	2	11
12	22466735	22466735	1	7
12	22466735	22466735	2	7
4	140661793	140661793	1	9
4	140661793	140661793	2	9
9	111311706	111311706	1	5
9	111311706	111311706	2	5
3	95173166	95173166	1	7
3	95173166	95173166	2	7
11	75895201	75895201	1	18
11	75895201	75895201	2	18
8	8969146	8969146	1	8
8	8969146	8969146	2	8
8	121117104	121117104	1	11
8	121117104	121117104	2	11
1	63273286	63273286	1	2
1	63273286	63273286	2	2
8	25027972	25027972	1	9
8	25027972	25027972	2	9
7	58837119	58837119	1	9
7	58837119	58837119	2	8
3	95173181	95173181	1	9
3	95173181	95173181	2	9
5	111419488	111419488	1	11
5	111419488	111419488	2	11
5	135022262	135022262	1	15
5	135022262	135022262	2	15
10	120428504	120428504	1	7
10	120428504	120428504	2	7
19	5756875	5756875	1	8
19	5756875	5756875	2	8
6	110645953	110645953	1	5
6	110645953	110645953	2	5
5	131307602	131307602	1	7
5	131307602	131307602	2	6
6	83161434	83161434	1	19
6	83161434	83161434	2	19
5	111419939	111419939	1	24
5	111419939	111419939	2	24
3	95173328	95173328	1	9
3	95173328	95173328	2	9
19	40487657	40487657	1	12
19	40487657	40487657	2	12
15	98780773	98780773	1	17
15	98780773	98780773	2	18
3	29082978	29082978	1	5
3	29082978	29082978	2	5
7	19118279	19118279	1	9
7	19118279	19118279	2	10
9	110873863	110873863	1	14
9	110873863	110873863	2	15
6	90550611	90550611	1	5
6	90550611	90550611	2	5
3	158561376	158561376	1	10
3	158561376	158561376	2	10
15	26308812	26308812	1	8
15	26308812	26308812	2	8
10	79921218	79921218	1	19
10	79921218	79921218	2	19
14	21990803	21990803	1	14
14	21990803	21990803	2	14
12	22906211	22906211	1	11
12	22906211	22906211	2	11
16	18588908	18588908	1	9
16	18588908	18588908	2	9
10	79921819	79921819	1	17
10	79921819	79921819	2	16
4	99656966	99656966	1	4
4	99656966	99656966	2	4
11	61684617	61684617	1	10
11	61684617	61684617	2	10
16	33755524	33755524	1	8
16	33755524	33755524	2	8
12	19954358	19954358	1	8
12	19954358	19954358	2	8
7	115379735	115379735	1	10
7	115379735	115379735	2	10
2	74655649	74655649	1	7
2	74655649	74655649	2	8
11	69965628	69965628	1	22
11	69965628	69965628	2	22
4	105175583	105175583	1	20
4	105175583	105175583	2	20
7	44697263	44697263	1	14
7	44697263	44697263	2	14
4	78212190	78212190	1	6
4	78212190	78212190	2	5
12	14150198	14150198	1	6
12	14150198	14150198	2	6
13	18218741	18218741	1	10
13	18218741	18218741	2	10
8	99416670	99416670	1	8
8	99416670	99416670	2	8
9	111311765	111311765	1	9
9	111311765	111311765	2	9
11	90033352	90033352	1	6
11	90033352	90033352	2	6
11	61684760	61684760	1	5
11	61684760	61684760	2	5
10	80810385	80810385	1	17
10	80810385	80810385	2	17
4	123105473	123105473	1	8
4	123105473	123105473	2	8
8	69882206	69882206	1	10
8	69882206	69882206	2	9
8	69882233	69882233	1	9
8	69882233	69882233	2	9
11	35798308	35798308	1	2
11	35798308	35798308	2	2
8	48555184	48555184	1	7
8	48555184	48555184	2	6
11	69965631	69965631	1	20
11	69965631	69965631	2	19
12	14150167	14150167	1	4
12	14150167	14150167	2	4
8	87472974	87472974	1	8
8	87472974	87472974	2	8
6	88200056	88200056	1	11
6	88200056	88200056	2	11
2	30652644	30652644	1	8
2	30652644	30652644	2	8
12	22466826	22466826	1	8
12	22466826	22466826	2	8
5	69341468	69341468	1	15
5	69341468	69341468	2	15
1	109983116	109983116	1	11
1	109983116	109983116	2	12
15	98780779	98780779	1	18
15	98780779	98780779	2	17
4	140750337	140750337	1	16
4	140750337	140750337	2	16
10	75424632	75424632	1	18
10	75424632	75424632	2	18
19	61225696	61225696	1	2
19	61225696	61225696	2	2
9	45839573	45839573	1	9
9	45839573	45839573	2	9
5	81020087	81020087	1	0
5	81020087	81020087	2	0
18	61036161	61036161	1	4
18	61036161	61036161	2	4
12	84417643	84417643	1	22
12	84417643	84417643	2	23
11	98767348	98767348	1	2
11	98767348	98767348	2	2
12	19882419	19882419	1	6
12	19882419	19882419	2	6
7	28732605	28732605	1	16
7	28732605	28732605	2	16
11	57827286	57827286	1	6
11	57827286	57827286	2	6
3	124320988	124320988	1	4
3	124320988	124320988	2	4
18	58210351	58210351	1	3
18	58210351	58210351	2	2
2	54436805	54436805	1	6
2	54436805	54436805	2	6
4	156234042	156234042	1	14
4	156234042	156234042	2	14
4	83512457	83512457	1	8
4	83512457	83512457	2	8
15	87625501	87625501	1	4
15	87625501	87625501	2	4
17	35425822	35425822	1	31
17	35425822	35425822	2	31
5	89882485	89882485	1	9
5	89882485	89882485	2	9
8	84784807	84784807	1	19
8	84784807	84784807	2	19
16	18588889	18588889	1	11
16	18588889	18588889	2	12
4	114912901	114912901	1	8
4	114912901	114912901	2	8
12	109408943	109408943	1	11
12	109408943	109408943	2	11
8	8969126	8969126	1	9
8	8969126	8969126	2	9
2	133553339	133553339	1	9
2	133553339	133553339	2	9
4	25799668	25799668	1	9
4	25799668	25799668	2	9
5	131538153	131538153	1	2
5	131538153	131538153	2	2
8	120268743	120268743	1	31
8	120268743	120268743	2	31
4	131916023	131916023	1	3
4	131916023	131916023	2	3
12	46819305	46819305	1	4
12	46819305	46819305	2	3
6	94281701	94281701	1	8
6	94281701	94281701	2	7
15	72546959	72546959	1	4
15	72546959	72546959	2	4
2	130638082	130638082	1	21
2	130638082	130638082	2	19
8	84912704	84912704	1	18
8	84912704	84912704	2	18
4	81442919	81442919	1	8
4	81442919	81442919	2	8
17	26439144	26439144	1	14
17	26439144	26439144	2	14
11	83851560	83851560	1	14
11	83851560	83851560	2	14
10	114801481	114801481	1	1
10	114801481	114801481	2	1
8	17535333	17535333	1	6
8	17535333	17535333	2	6
17	36216394	36216394	1	9
17	36216394	36216394	2	9
6	122609544	122609544	1	11
6	122609544	122609544	2	11
18	9214905	9214905	1	9
18	9214905	9214905	2	9
5	131538133	131538133	1	2
5	131538133	131538133	2	2
16	20804402	20804402	1	6
16	20804402	20804402	2	6
9	21037816	21037816	1	15
9	21037816	21037816	2	15
2	133554559	133554559	1	8
2	133554559	133554559	2	8
12	19704276	19704276	1	11
12	19704276	19704276	2	11
2	63184245	63184245	1	5
2	63184245	63184245	2	5
6	83161570	83161570	1	18
6	83161570	83161570	2	19
18	59175739	59175739	1	9
18	59175739	59175739	2	9
3	158561364	158561364	1	10
3	158561364	158561364	2	10
4	147276021	147276021	1	26
4	147276021	147276021	2	25
19	61225630	61225630	1	5
19	61225630	61225630	2	5
17	36216209	36216209	1	16
17	36216209	36216209	2	16
7	27657955	27657955	1	9
7	27657955	27657955	2	9
9	91364483	91364483	1	10
9	91364483	91364483	2	10
2	57111502	57111502	1	15
2	57111502	57111502	2	15
10	70599111	70599111	1	4
10	70599111	70599111	2	4
13	112443509	112443509	1	9
13	112443509	112443509	2	9
10	103028768	103028768	1	10
10	103028768	103028768	2	10
19	5742376	5742376	1	9
19	5742376	5742376	2	9
12	49383670	49383670	1	3
12	49383670	49383670	2	3
2	61815608	61815608	1	2
2	61815608	61815608	2	2
18	22344063	22344063	1	6
18	22344063	22344063	2	6
12	108328044	108328044	1	19
12	108328044	108328044	2	19
19	5751185	5751185	1	19
19	5751185	5751185	2	19
4	134402541	134402541	1	10
4	134402541	134402541	2	10
4	123105471	123105471	1	7
4	123105471	123105471	2	7
1	55363551	55363551	1	6
1	55363551	55363551	2	6
8	48555065	48555065	1	11
8	48555065	48555065	2	11
12	46819179	46819179	1	5
12	46819179	46819179	2	5
10	103029442	103029442	1	6
10	103029442	103029442	2	6
13	41078865	41078865	1	14
13	41078865	41078865	2	14
11	116108298	116108298	1	10
11	116108298	116108298	2	11
1	42697622	42697622	1	4
1	42697622	42697622	2	4
19	37693429	37693429	1	24
19	37693429	37693429	2	24
1	185455219	185455219	1	9
1	185455219	185455219	2	9
3	124321088	124321088	1	11
3	124321088	124321088	2	11
11	61147591	61147591	1	8
11	61147591	61147591	2	8
11	96007033	96007033	1	7
11	96007033	96007033	2	7
8	121117019	121117019	1	11
8	121117019	121117019	2	11
4	46344139	46344139	1	5
4	46344139	46344139	2	5
13	60176260	60176260	1	21
13	60176260	60176260	2	21
13	41220504	41220504	1	5
13	41220504	41220504	2	5
17	62880471	62880471	1	1
17	62880471	62880471	2	1
7	70361446	70361446	1	12
7	70361446	70361446	2	12
1	42491877	42491877	1	11
1	42491877	42491877	2	11
7	133124588	133124588	1	23
7	133124588	133124588	2	23
1	89931154	89931154	1	5
1	89931154	89931154	2	5
3	62340384	62340384	1	17
3	62340384	62340384	2	17
7	99539905	99539905	1	6
7	99539905	99539905	2	6
7	143476101	143476101	1	4
7	143476101	143476101	2	4
18	22343957	22343957	1	13
18	22343957	22343957	2	13
4	76449811	76449811	1	14
4	76449811	76449811	2	15
12	20312159	20312159	1	9
12	20312159	20312159	2	9
7	134225114	134225114	1	9
7	134225114	134225114	2	9
8	92855486	92855486	1	15
8	92855486	92855486	2	15
7	118596514	118596514	1	27
7	118596514	118596514	2	27
15	98895289	98895289	1	14
15	98895289	98895289	2	14
10	109010638	109010638	1	14
10	109010638	109010638	2	13
8	78436416	78436416	1	6
8	78436416	78436416	2	6
16	35156527	35156527	1	9
16	35156527	35156527	2	10
19	6830384	6830384	1	13
19	6830384	6830384	2	13
16	9995609	9995609	1	14
16	9995609	9995609	2	14
1	13126903	13126903	1	8
1	13126903	13126903	2	8
11	96345964	96345964	1	11
11	96345964	96345964	2	11
4	146067697	146067697	1	13
4	146067697	146067697	2	13
17	62880488	62880488	1	1
17	62880488	62880488	2	1
4	148952705	148952705	1	9
4	148952705	148952705	2	9
11	53478875	53478875	1	5
11	53478875	53478875	2	5
7	37624410	37624410	1	9
7	37624410	37624410	2	9
4	43632236	43632236	1	10
4	43632236	43632236	2	9
17	68841158	68841158	1	7
17	68841158	68841158	2	7
11	33203583	33203583	1	5
11	33203583	33203583	2	6
19	27217362	27217362	1	3
19	27217362	27217362	2	3
2	77816438	77816438	1	2
2	77816438	77816438	2	2
5	101765744	101765744	1	7
5	101765744	101765744	2	7
15	95527878	95527878	1	11
15	95527878	95527878	2	11
6	63257495	63257495	1	4
6	63257495	63257495	2	4
11	21993733	21993733	1	7
11	21993733	21993733	2	7
18	65505742	65505742	1	14
18	65505742	65505742	2	14
19	43833663	43833663	1	2
19	43833663	43833663	2	2
15	102460354	102460354	1	16
15	102460354	102460354	2	16
17	35439634	35439634	1	23
17	35439634	35439634	2	24
8	125669727	125669727	1	7
8	125669727	125669727	2	7
17	32659592	32659592	1	13
17	32659592	32659592	2	13
10	33624566	33624566	1	3
10	33624566	33624566	2	3
5	50034059	50034059	1	13
5	50034059	50034059	2	13
5	146461780	146461780	1	3
5	146461780	146461780	2	3
13	60687073	60687073	1	31
13	60687073	60687073	2	31
14	63123900	63123900	1	13
14	63123900	63123900	2	13
11	102399398	102399398	1	5
11	102399398	102399398	2	5
5	125918109	125918109	1	3
5	125918109	125918109	2	3
14	61689834	61689834	1	24
14	61689834	61689834	2	24
11	102480494	102480494	1	8
11	102480494	102480494	2	8
5	111229233	111229233	1	17
5	111229233	111229233	2	18
11	59312571	59312571	1	22
11	59312571	59312571	2	22
8	117856271	117856271	1	1
8	117856271	117856271	2	1
8	11356829	11356829	1	14
8	11356829	11356829	2	14
4	43425437	43425437	1	34
4	43425437	43425437	2	34
10	121161559	121161559	1	15
10	121161559	121161559	2	15
5	64045677	64045677	1	3
5	64045677	64045677	2	5
8	84918147	84918147	1	18
8	84918147	84918147	2	18
10	120558188	120558188	1	10
10	120558188	120558188	2	10
3	127123714	127123714	1	8
3	127123714	127123714	2	8
13	60687050	60687050	1	37
13	60687050	60687050	2	37
6	145710152	145710152	1	9
6	145710152	145710152	2	9
19	34746667	34746667	1	11
19	34746667	34746667	2	11
19	43833683	43833683	1	4
19	43833683	43833683	2	4
15	79879275	79879275	1	7
15	79879275	79879275	2	7
7	58836954	58836954	1	16
7	58836954	58836954	2	16
1	85109189	85109189	1	21
1	85109189	85109189	2	21
17	35439648	35439648	1	24
17	35439648	35439648	2	24
2	93365728	93365728	1	18
2	93365728	93365728	2	18
7	99594858	99594858	1	10
7	99594858	99594858	2	10
12	19954370	19954370	1	9
12	19954370	19954370	2	9
13	38503124	38503124	1	8
13	38503124	38503124	2	8
9	44692257	44692257	1	18
9	44692257	44692257	2	18
4	135155356	135155356	1	5
4	135155356	135155356	2	5
15	26895770	26895770	1	10
15	26895770	26895770	2	10
2	63184163	63184163	1	5
2	63184163	63184163	2	5
16	28596352	28596352	1	6
16	28596352	28596352	2	6
9	55546219	55546219	1	12
9	55546219	55546219	2	12
12	61524739	61524739	1	8
12	61524739	61524739	2	7
11	79140423	79140423	1	19
11	79140423	79140423	2	19
6	129451759	129451759	1	12
6	129451759	129451759	2	12
5	142963620	142963620	1	7
5	142963620	142963620	2	7
7	138397946	138397946	1	5
7	138397946	138397946	2	5
11	20762369	20762369	1	0
11	20762369	20762369	2	0
11	82580265	82580265	1	12
11	82580265	82580265	2	12
1	126925769	126925769	1	5
1	126925769	126925769	2	5
6	134388746	134388746	1	15
6	134388746	134388746	2	15
14	67146752	67146752	1	4
14	67146752	67146752	2	4
17	56763026	56763026	1	7
17	56763026	56763026	2	8
16	21205921	21205921	1	6
16	21205921	21205921	2	6
8	34810101	34810101	1	14
8	34810101	34810101	2	14
12	18853854	18853854	1	7
12	18853854	18853854	2	7
2	131524854	131524854	1	6
2	131524854	131524854	2	6
9	83111477	83111477	1	10
9	83111477	83111477	2	10
7	133124788	133124788	1	16
7	133124788	133124788	2	16
9	110873915	110873915	1	8
9	110873915	110873915	2	8
5	120463254	120463254	1	6
5	120463254	120463254	2	6
12	56438729	56438729	1	15
12	56438729	56438729	2	15
9	110684580	110684580	1	17
9	110684580	110684580	2	17
2	164171874	164171874	1	11
2	164171874	164171874	2	11
2	154221007	154221007	1	14
2	154221007	154221007	2	14
2	147180836	147180836	1	6
2	147180836	147180836	2	6
12	20196411	20196411	1	9
12	20196411	20196411	2	9
5	120462994	120462994	1	5
5	120462994	120462994	2	4
4	127419212	127419212	1	13
4	127419212	127419212	2	13
5	3193814	3193814	1	10
5	3193814	3193814	2	10
17	25568593	25568593	1	5
17	25568593	25568593	2	5
7	4845027	4845027	1	3
7	4845027	4845027	2	3
10	120422379	120422379	1	14
10	120422379	120422379	2	14
8	84918158	84918158	1	18
8	84918158	84918158	2	17
9	14718160	14718160	1	12
9	14718160	14718160	2	12
7	80081360	80081360	1	13
7	80081360	80081360	2	12
8	105259345	105259345	1	23
8	105259345	105259345	2	23
12	20312384	20312384	1	7
12	20312384	20312384	2	6
10	44456843	44456843	1	7
10	44456843	44456843	2	7
2	59829395	59829395	1	19
2	59829395	59829395	2	19
8	117856328	117856328	1	2
8	117856328	117856328	2	2
3	84478979	84478979	1	22
3	84478979	84478979	2	21
17	69439607	69439607	1	9
17	69439607	69439607	2	9
8	104555391	104555391	1	20
8	104555391	104555391	2	20
8	120832255	120832255	1	9
8	120832255	120832255	2	9
13	100752695	100752695	1	16
13	100752695	100752695	2	16
4	132181860	132181860	1	7
4	132181860	132181860	2	7
16	21247270	21247270	1	11
16	21247270	21247270	2	11
8	84771960	84771960	1	20
8	84771960	84771960	2	20
10	88390758	88390758	1	7
10	88390758	88390758	2	8
10	5491389	5491389	1	9
10	5491389	5491389	2	9
14	61689950	61689950	1	20
14	61689950	61689950	2	19
4	137189526	137189526	1	4
4	137189526	137189526	2	4
3	17787694	17787694	1	10
3	17787694	17787694	2	10
14	63123892	63123892	1	13
14	63123892	63123892	2	13
10	61632621	61632621	1	6
10	61632621	61632621	2	7
11	102606002	102606002	1	12
11	102606002	102606002	2	12
11	69119878	69119878	1	22
11	69119878	69119878	2	22
4	124594956	124594956	1	9
4	124594956	124594956	2	9
17	28926372	28926372	1	23
17	28926372	28926372	2	22
10	4430456	4430456	1	27
10	4430456	4430456	2	27
4	127971649	127971649	1	8
4	127971649	127971649	2	8
2	33975929	33975929	1	9
2	33975929	33975929	2	9
4	148070112	148070112	1	19
4	148070112	148070112	2	19
4	58206296	58206296	1	9
4	58206296	58206296	2	9
6	86505758	86505758	1	18
6	86505758	86505758	2	18
14	61689932	61689932	1	22
14	61689932	61689932	2	22
4	74013920	74013920	1	18
4	74013920	74013920	2	18
6	83135560	83135560	1	25
6	83135560	83135560	2	25
4	8939035	8939035	1	6
4	8939035	8939035	2	6
8	84731629	84731629	1	20
8	84731629	84731629	2	20
2	122665822	122665822	1	6
2	122665822	122665822	2	6
6	8957108	8957108	1	6
6	8957108	8957108	2	6
11	85886588	85886588	1	3
11	85886588	85886588	2	3
19	37918755	37918755	1	13
19	37918755	37918755	2	13
11	22007183	22007183	1	6
11	22007183	22007183	2	6
12	112665757	112665757	1	18
12	112665757	112665757	2	18
19	6565364	6565364	1	13
19	6565364	6565364	2	13
15	73176975	73176975	1	15
15	73176975	73176975	2	15
5	75922099	75922099	1	14
5	75922099	75922099	2	15
5	112979308	112979308	1	13
5	112979308	112979308	2	13
5	73538999	73538999	1	16
5	73538999	73538999	2	16
3	100395083	100395083	1	5
3	100395083	100395083	2	5
5	117308078	117308078	1	8
5	117308078	117308078	2	8
9	64918722	64918722	1	8
9	64918722	64918722	2	8
19	56631595	56631595	1	23
19	56631595	56631595	2	23
8	127828007	127828007	1	13
8	127828007	127828007	2	13
11	96332814	96332814	1	12
11	96332814	96332814	2	12
8	34810240	34810240	1	25
8	34810240	34810240	2	25
11	4954035	4954035	1	12
11	4954035	4954035	2	12
15	100728625	100728625	1	13
15	100728625	100728625	2	13
12	110855343	110855343	1	17
12	110855343	110855343	2	17
6	72676083	72676083	1	8
6	72676083	72676083	2	7
17	35425290	35425290	1	38
17	35425290	35425290	2	37
19	6830204	6830204	1	10
19	6830204	6830204	2	10
7	128182014	128182014	1	4
7	128182014	128182014	2	4
8	120268534	120268534	1	17
8	120268534	120268534	2	17
16	18624828	18624828	1	7
16	18624828	18624828	2	7
2	158191198	158191198	1	22
2	158191198	158191198	2	23
11	20477838	20477838	1	11
11	20477838	20477838	2	10
12	22745402	22745402	1	13
12	22745402	22745402	2	13
4	147738779	147738779	1	11
4	147738779	147738779	2	11
7	34647299	34647299	1	13
7	34647299	34647299	2	13
18	25753144	25753144	1	6
18	25753144	25753144	2	6
12	111998696	111998696	1	14
12	111998696	111998696	2	13
2	124938346	124938346	1	3
2	124938346	124938346	2	4
3	132871461	132871461	1	11
3	132871461	132871461	2	10
9	104874038	104874038	1	6
9	104874038	104874038	2	7
18	9214913	9214913	1	10
18	9214913	9214913	2	10
5	115533582	115533582	1	22
5	115533582	115533582	2	22
17	88791846	88791846	1	4
17	88791846	88791846	2	4
11	53508268	53508268	1	11
11	53508268	53508268	2	11
7	80845973	80845973	1	12
7	80845973	80845973	2	12
1	134998387	134998387	1	7
1	134998387	134998387	2	8
12	18514577	18514577	1	12
12	18514577	18514577	2	12
16	4419191	4419191	1	31
16	4419191	4419191	2	31
12	49391311	49391311	1	8
12	49391311	49391311	2	8
18	83051675	83051675	1	7
18	83051675	83051675	2	7
14	75192890	75192890	1	12
14	75192890	75192890	2	12
17	71986386	71986386	1	16
17	71986386	71986386	2	15
11	113499146	113499146	1	6
11	113499146	113499146	2	6
9	119146607	119146607	1	20
9	119146607	119146607	2	20
1	135374460	135374460	1	11
1	135374460	135374460	2	11
4	120369702	120369702	1	14
4	120369702	120369702	2	14
2	63184156	63184156	1	5
2	63184156	63184156	2	4
15	76090097	76090097	1	14
15	76090097	76090097	2	14
15	87625507	87625507	1	4
15	87625507	87625507	2	4
6	83702581	83702581	1	6
6	83702581	83702581	2	6
19	45078654	45078654	1	18
19	45078654	45078654	2	18
5	150599707	150599707	1	16
5	150599707	150599707	2	16
11	51647045	51647045	1	30
11	51647045	51647045	2	30
9	107993263	107993263	1	30
9	107993263	107993263	2	31
13	112443517	112443517	1	9
13	112443517	112443517	2	9
11	12756587	12756587	1	0
11	12756587	12756587	2	0
2	172042259	172042259	1	5
2	172042259	172042259	2	5
13	102639929	102639929	1	23
13	102639929	102639929	2	23
10	7839844	7839844	1	25
10	7839844	7839844	2	24
8	61283939	61283939	1	15
8	61283939	61283939	2	15
13	71959658	71959658	1	20
13	71959658	71959658	2	20
17	35439620	35439620	1	20
17	35439620	35439620	2	20
6	134388730	134388730	1	12
6	134388730	134388730	2	12
17	49435258	49435258	1	19
17	49435258	49435258	2	19
8	35588987	35588987	1	14
8	35588987	35588987	2	14
13	10045858	10045858	1	9
13	10045858	10045858	2	9
3	138644699	138644699	1	8
3	138644699	138644699	2	8
13	114933593	114933593	1	11
13	114933593	114933593	2	11
8	108715701	108715701	1	3
8	108715701	108715701	2	3
4	76449960	76449960	1	7
4	76449960	76449960	2	7
10	79881969	79881969	1	21
10	79881969	79881969	2	21
15	71727965	71727965	1	9
15	71727965	71727965	2	9
4	109974787	109974787	1	11
4	109974787	109974787	2	11
13	97291295	97291295	1	8
13	97291295	97291295	2	8
8	47352471	47352471	1	8
8	47352471	47352471	2	8
5	97935757	97935757	1	14
5	97935757	97935757	2	14
4	133579872	133579872	1	10
4	133579872	133579872	2	10
15	89068300	89068300	1	15
15	89068300	89068300	2	15
10	98343301	98343301	1	0
10	98343301	98343301	2	0
18	31939300	31939300	1	9
18	31939300	31939300	2	9
1	132767697	132767697	1	11
1	132767697	132767697	2	12
12	22745383	22745383	1	11
12	22745383	22745383	2	11
5	71095917	71095917	1	3
5	71095917	71095917	2	3
1	164693668	164693668	1	0
1	164693668	164693668	2	0
2	165407774	165407774	1	14
2	165407774	165407774	2	14
2	127552852	127552852	1	12
2	127552852	127552852	2	12
14	74643113	74643113	1	12
14	74643113	74643113	2	11
16	94123505	94123505	1	8
16	94123505	94123505	2	8
10	60685807	60685807	1	9
10	60685807	60685807	2	9
12	22906098	22906098	1	12
12	22906098	22906098	2	12
19	7096468	7096468	1	21
19	7096468	7096468	2	21
1	58165381	58165381	1	22
1	58165381	58165381	2	22
12	85475616	85475616	1	15
12	85475616	85475616	2	15
4	83285066	83285066	1	12
4	83285066	83285066	2	12
11	116108405	116108405	1	22
11	116108405	116108405	2	22
3	135698636	135698636	1	15
3	135698636	135698636	2	15
3	148918425	148918425	1	21
3	148918425	148918425	2	19
12	20197016	20197016	1	4
12	20197016	20197016	2	4
7	4845135	4845135	1	6
7	4845135	4845135	2	6
15	73893927	73893927	1	12
15	73893927	73893927	2	12
8	23043941	23043941	1	11
8	23043941	23043941	2	11
6	82091890	82091890	1	18
6	82091890	82091890	2	18
7	44697236	44697236	1	13
7	44697236	44697236	2	13
9	119028888	119028888	1	7
9	119028888	119028888	2	7
7	45405500	45405500	1	8
7	45405500	45405500	2	8
5	137310258	137310258	1	10
5	137310258	137310258	2	10
14	4726410	4726410	1	0
14	4726410	4726410	2	0
17	25867240	25867240	1	25
17	25867240	25867240	2	25
4	140750480	140750480	1	10
4	140750480	140750480	2	9
16	32696999	32696999	1	15
16	32696999	32696999	2	15
3	84478982	84478982	1	21
3	84478982	84478982	2	21
7	27657930	27657930	1	11
7	27657930	27657930	2	11
16	91447599	91447599	1	16
16	91447599	91447599	2	16
12	20614980	20614980	1	6
12	20614980	20614980	2	6
2	74682449	74682449	1	10
2	74682449	74682449	2	9
10	21882266	21882266	1	5
10	21882266	21882266	2	5
11	90687994	90687994	1	9
11	90687994	90687994	2	9
11	120630508	120630508	1	30
11	120630508	120630508	2	29
5	21373040	21373040	1	18
5	21373040	21373040	2	18
5	92928120	92928120	1	12
5	92928120	92928120	2	13
8	94905175	94905175	1	3
8	94905175	94905175	2	4
11	42182447	42182447	1	7
11	42182447	42182447	2	7
2	7063783	7063783	1	14
2	7063783	7063783	2	14
3	98991488	98991488	1	16
3	98991488	98991488	2	16
9	107305992	107305992	1	11
9	107305992	107305992	2	11
10	120558197	120558197	1	10
10	120558197	120558197	2	10
8	92063762	92063762	1	18
8	92063762	92063762	2	18
1	13659712	13659712	1	43
1	13659712	13659712	2	43
6	29496474	29496474	1	5
6	29496474	29496474	2	5
5	72219795	72219795	1	16
5	72219795	72219795	2	16
11	22007227	22007227	1	3
11	22007227	22007227	2	3
8	84201708	84201708	1	16
8	84201708	84201708	2	16
9	71215446	71215446	1	9
9	71215446	71215446	2	9
12	22906237	22906237	1	8
12	22906237	22906237	2	8
10	44206135	44206135	1	0
10	44206135	44206135	2	0
8	120832236	120832236	1	6
8	120832236	120832236	2	5
2	93365751	93365751	1	17
2	93365751	93365751	2	17
11	42182440	42182440	1	7
11	42182440	42182440	2	7
7	99510167	99510167	1	9
7	99510167	99510167	2	9
5	27261779	27261779	1	11
5	27261779	27261779	2	11
5	129155543	129155543	1	11
5	129155543	129155543	2	11
10	122738407	122738407	1	4
10	122738407	122738407	2	6
17	29434835	29434835	1	9
17	29434835	29434835	2	9
18	82545776	82545776	1	15
18	82545776	82545776	2	16
11	81371989	81371989	1	9
11	81371989	81371989	2	9
12	109408834	109408834	1	9
12	109408834	109408834	2	9
11	88687323	88687323	1	9
11	88687323	88687323	2	9
5	122950716	122950716	1	15
5	122950716	122950716	2	15
11	29825373	29825373	1	10
11	29825373	29825373	2	10
11	94591678	94591678	1	25
11	94591678	94591678	2	25
10	60944331	60944331	1	12
10	60944331	60944331	2	12
3	101367450	101367450	1	11
3	101367450	101367450	2	11
19	43601519	43601519	1	13
19	43601519	43601519	2	13
2	57111641	57111641	1	21
2	57111641	57111641	2	21
2	147180936	147180936	1	3
2	147180936	147180936	2	3
11	93098216	93098216	1	10
11	93098216	93098216	2	10
5	128601886	128601886	1	12
5	128601886	128601886	2	12
3	52180554	52180554	1	8
3	52180554	52180554	2	9
4	146475324	146475324	1	13
4	146475324	146475324	2	13
2	152156224	152156224	1	4
2	152156224	152156224	2	4
7	102106941	102106941	1	7
7	102106941	102106941	2	7
18	42395730	42395730	1	7
18	42395730	42395730	2	8
8	125669766	125669766	1	6
8	125669766	125669766	2	6
19	30451132	30451132	1	17
19	30451132	30451132	2	17
2	75425568	75425568	1	10
2	75425568	75425568	2	10
8	70742982	70742982	1	16
8	70742982	70742982	2	15
4	53264088	53264088	1	15
4	53264088	53264088	2	15
9	53390605	53390605	1	16
9	53390605	53390605	2	16
13	18218858	18218858	1	13
13	18218858	18218858	2	13
6	88019697	88019697	1	5
6	88019697	88019697	2	5
4	117749676	117749676	1	7
4	117749676	117749676	2	7
17	44129495	44129495	1	17
17	44129495	44129495	2	17
7	19734468	19734468	1	10
7	19734468	19734468	2	10
12	22466728	22466728	1	7
12	22466728	22466728	2	7
13	76384398	76384398	1	10
13	76384398	76384398	2	10
3	82876385	82876385	1	7
3	82876385	82876385	2	7
14	70079771	70079771	1	11
14	70079771	70079771	2	11
2	93014386	93014386	1	10
2	93014386	93014386	2	8
16	30171950	30171950	1	7
16	30171950	30171950	2	7
4	130037399	130037399	1	15
4	130037399	130037399	2	15
14	54408731	54408731	1	26
14	54408731	54408731	2	26
11	90033356	90033356	1	6
11	90033356	90033356	2	5
11	87240694	87240694	1	5
11	87240694	87240694	2	5
13	60348033	60348033	1	7
13	60348033	60348033	2	7
19	6934317	6934317	1	31
19	6934317	6934317	2	31
9	118468350	118468350	1	7
9	118468350	118468350	2	7
6	31613185	31613185	1	22
6	31613185	31613185	2	21
13	58806665	58806665	1	14
13	58806665	58806665	2	14
14	65326541	65326541	1	17
14	65326541	65326541	2	18
11	67675679	67675679	1	14
11	67675679	67675679	2	14
6	51012356	51012356	1	10
6	51012356	51012356	2	10
7	81453980	81453980	1	11
7	81453980	81453980	2	11
1	112416723	112416723	1	10
1	112416723	112416723	2	10
9	65180674	65180674	1	4
9	65180674	65180674	2	4
8	12390001	12390001	1	10
8	12390001	12390001	2	10
12	76215187	76215187	1	6
12	76215187	76215187	2	5
17	35702277	35702277	1	8
17	35702277	35702277	2	8
18	10441000	10441000	1	0
18	10441000	10441000	2	0
11	119267697	119267697	1	20
11	119267697	119267697	2	20
7	16912563	16912563	1	8
7	16912563	16912563	2	8
4	152375020	152375020	1	6
4	152375020	152375020	2	6
1	120600185	120600185	1	13
1	120600185	120600185	2	13
6	88194839	88194839	1	12
6	88194839	88194839	2	12
17	41751583	41751583	1	7
17	41751583	41751583	2	7
6	25690201	25690201	1	14
6	25690201	25690201	2	13
9	42898296	42898296	1	11
9	42898296	42898296	2	11
14	43122171	43122171	1	5
14	43122171	43122171	2	6
14	122462914	122462914	1	12
14	122462914	122462914	2	12
2	29195635	29195635	1	4
2	29195635	29195635	2	4
2	131561342	131561342	1	13
2	131561342	131561342	2	13
11	4949389	4949389	1	9
11	4949389	4949389	2	9
7	51511339	51511339	1	9
7	51511339	51511339	2	9
6	23247720	23247720	1	8
6	23247720	23247720	2	8
6	114738601	114738601	1	7
6	114738601	114738601	2	7
8	89572047	89572047	1	6
8	89572047	89572047	2	6
10	109010551	109010551	1	7
10	109010551	109010551	2	7
7	127136110	127136110	1	14
7	127136110	127136110	2	12
16	65815006	65815006	1	9
16	65815006	65815006	2	9
6	63257484	63257484	1	6
6	63257484	63257484	2	6
14	93891076	93891076	1	10
14	93891076	93891076	2	10
8	25098297	25098297	1	11
8	25098297	25098297	2	11
11	79899821	79899821	1	15
11	79899821	79899821	2	15
3	45380703	45380703	1	15
3	45380703	45380703	2	15
11	108039122	108039122	1	13
11	108039122	108039122	2	13
15	102460331	102460331	1	18
15	102460331	102460331	2	18
8	70816874	70816874	1	9
8	70816874	70816874	2	10
4	91400608	91400608	1	6
4	91400608	91400608	2	6
12	109511992	109511992	1	14
12	109511992	109511992	2	14
19	18624451	18624451	1	32
19	18624451	18624451	2	32
14	65676372	65676372	1	7
14	65676372	65676372	2	8
9	64078360	64078360	1	19
9	64078360	64078360	2	19
19	8965882	8965882	1	24
19	8965882	8965882	2	24
10	70121162	70121162	1	15
10	70121162	70121162	2	15
2	158554597	158554597	1	18
2	158554597	158554597	2	17
11	117250286	117250286	1	14
11	117250286	117250286	2	14
8	105277535	105277535	1	20
8	105277535	105277535	2	21
9	56897793	56897793	1	22
9	56897793	56897793	2	22
17	28298325	28298325	1	19
17	28298325	28298325	2	18
8	72762603	72762603	1	11
8	72762603	72762603	2	11
2	168842301	168842301	1	13
2	168842301	168842301	2	13
13	101879935	101879935	1	18
13	101879935	101879935	2	18
7	81858544	81858544	1	12
7	81858544	81858544	2	12
8	35589003	35589003	1	13
8	35589003	35589003	2	13
11	117235563	117235563	1	11
11	117235563	117235563	2	11
8	72741657	72741657	1	7
8	72741657	72741657	2	7
1	89992391	89992391	1	3
1	89992391	89992391	2	3
12	27341791	27341791	1	9
12	27341791	27341791	2	9
19	5071399	5071399	1	7
19	5071399	5071399	2	7
17	34185742	34185742	1	21
17	34185742	34185742	2	21
10	59970251	59970251	1	10
10	59970251	59970251	2	10
7	49348555	49348555	1	16
7	49348555	49348555	2	16
16	11494994	11494994	1	22
16	11494994	11494994	2	22
17	23743834	23743834	1	19
17	23743834	23743834	2	19
3	50879680	50879680	1	13
3	50879680	50879680	2	13
10	80988204	80988204	1	18
10	80988204	80988204	2	19
15	100462104	100462104	1	21
15	100462104	100462104	2	21
5	120579817	120579817	1	25
5	120579817	120579817	2	26
6	142702087	142702087	1	15
6	142702087	142702087	2	15
13	119741978	119741978	1	13
13	119741978	119741978	2	13
6	31208190	31208190	1	11
6	31208190	31208190	2	10
17	29494637	29494637	1	23
17	29494637	29494637	2	23
6	105677846	105677846	1	5
6	105677846	105677846	2	5
6	84266818	84266818	1	10
6	84266818	84266818	2	10
11	96005005	96005005	1	4
11	96005005	96005005	2	4
16	21205884	21205884	1	8
16	21205884	21205884	2	8
2	143546106	143546106	1	3
2	143546106	143546106	2	3
12	101012426	101012426	1	18
12	101012426	101012426	2	18
2	163551657	163551657	1	17
2	163551657	163551657	2	18
10	83384139	83384139	1	7
10	83384139	83384139	2	7
5	37890722	37890722	1	5
5	37890722	37890722	2	5
11	98042810	98042810	1	7
11	98042810	98042810	2	7
11	24523596	24523596	1	0
11	24523596	24523596	2	0
14	59840574	59840574	1	14
14	59840574	59840574	2	13
7	140915648	140915648	1	21
7	140915648	140915648	2	21
18	65501441	65501441	1	3
18	65501441	65501441	2	3
13	53257187	53257187	1	1
13	53257187	53257187	2	1
8	48843046	48843046	1	12
8	48843046	48843046	2	9
4	62625798	62625798	1	18
4	62625798	62625798	2	18
1	101902585	101902585	1	17
1	101902585	101902585	2	17
11	120641815	120641815	1	19
11	120641815	120641815	2	19
14	17483381	17483381	1	10
14	17483381	17483381	2	10
6	28114365	28114365	1	14
6	28114365	28114365	2	14
18	38703335	38703335	1	8
18	38703335	38703335	2	8
12	111445885	111445885	1	19
12	111445885	111445885	2	19
10	116346878	116346878	1	7
10	116346878	116346878	2	7
3	14393935	14393935	1	17
3	14393935	14393935	2	18
6	114738433	114738433	1	18
6	114738433	114738433	2	19
1	152956175	152956175	1	5
1	152956175	152956175	2	5
13	54178642	54178642	1	9
13	54178642	54178642	2	9
14	51054369	51054369	1	18
14	51054369	51054369	2	19
1	179842633	179842633	1	14
1	179842633	179842633	2	14
2	180273934	180273934	1	25
2	180273934	180273934	2	25
5	116591634	116591634	1	2
5	116591634	116591634	2	2
11	51786085	51786085	1	20
11	51786085	51786085	2	20
2	74682458	74682458	1	9
2	74682458	74682458	2	9
9	27193937	27193937	1	7
9	27193937	27193937	2	7
5	77532700	77532700	1	11
5	77532700	77532700	2	11
7	4845117	4845117	1	7
7	4845117	4845117	2	7
2	178558221	178558221	1	8
2	178558221	178558221	2	8
1	132951989	132951989	1	8
1	132951989	132951989	2	8
2	16400594	16400594	1	10
2	16400594	16400594	2	10
5	143253193	143253193	1	8
5	143253193	143253193	2	8
16	44746673	44746673	1	10
16	44746673	44746673	2	10
15	80111387	80111387	1	7
15	80111387	80111387	2	7
2	29198493	29198493	1	10
2	29198493	29198493	2	10
14	4649593	4649593	1	1
14	4649593	4649593	2	1
3	137827749	137827749	1	5
3	137827749	137827749	2	5
2	37793601	37793601	1	6
2	37793601	37793601	2	6
5	125403866	125403866	1	6
5	125403866	125403866	2	6
11	29824620	29824620	1	8
11	29824620	29824620	2	8
19	7423429	7423429	1	6
19	7423429	7423429	2	6
13	94706728	94706728	1	6
13	94706728	94706728	2	6
7	4845044	4845044	1	4
7	4845044	4845044	2	4
13	65726822	65726822	1	2
13	65726822	65726822	2	2
2	21237200	21237200	1	23
2	21237200	21237200	2	23
10	121931533	121931533	1	6
10	121931533	121931533	2	6
11	95009200	95009200	1	13
11	95009200	95009200	2	14
4	32165321	32165321	1	26
4	32165321	32165321	2	25
10	88560484	88560484	1	15
10	88560484	88560484	2	15
10	61726044	61726044	1	18
10	61726044	61726044	2	18
19	43927382	43927382	1	9
19	43927382	43927382	2	9
2	143862630	143862630	1	5
2	143862630	143862630	2	5
1	15287263	15287263	1	7
1	15287263	15287263	2	7
7	19021066	19021066	1	17
7	19021066	19021066	2	17
5	148809376	148809376	1	12
5	148809376	148809376	2	12
19	44760660	44760660	1	4
19	44760660	44760660	2	3
13	81025544	81025544	1	0
13	81025544	81025544	2	0
5	36252140	36252140	1	12
5	36252140	36252140	2	12
14	55827084	55827084	1	15
14	55827084	55827084	2	15
19	42755650	42755650	1	6
19	42755650	42755650	2	7
9	67760664	67760664	1	2
9	67760664	67760664	2	2
2	91645789	91645789	1	26
2	91645789	91645789	2	27
2	180334000	180334000	1	9
2	180334000	180334000	2	9
4	142095587	142095587	1	12
4	142095587	142095587	2	12
4	155345572	155345572	1	13
4	155345572	155345572	2	12
2	84184889	84184889	1	14
2	84184889	84184889	2	14
11	115891315	115891315	1	10
11	115891315	115891315	2	9
2	153032202	153032202	1	6
2	153032202	153032202	2	6
5	117593516	117593516	1	9
5	117593516	117593516	2	9
13	40657650	40657650	1	9
13	40657650	40657650	2	9
8	122738696	122738696	1	8
8	122738696	122738696	2	8
11	85688574	85688574	1	23
11	85688574	85688574	2	23
18	64345374	64345374	1	15
18	64345374	64345374	2	15
11	84526409	84526409	1	6
11	84526409	84526409	2	6
10	123788289	123788289	1	16
10	123788289	123788289	2	16
7	126799960	126799960	1	10
7	126799960	126799960	2	10
6	25690151	25690151	1	14
6	25690151	25690151	2	14
5	86793012	86793012	1	11
5	86793012	86793012	2	11
15	76189160	76189160	1	14
15	76189160	76189160	2	14
4	138453300	138453300	1	6
4	138453300	138453300	2	6
8	124677636	124677636	1	9
8	124677636	124677636	2	10
4	152375120	152375120	1	8
4	152375120	152375120	2	8
10	128502520	128502520	1	12
10	128502520	128502520	2	12
10	120422320	120422320	1	14
10	120422320	120422320	2	14
11	88193377	88193377	1	8
11	88193377	88193377	2	9
4	129020517	129020517	1	21
4	129020517	129020517	2	21
17	85621802	85621802	1	8
17	85621802	85621802	2	8
7	142664387	142664387	1	11
7	142664387	142664387	2	11
13	25387556	25387556	1	11
13	25387556	25387556	2	11
7	138398058	138398058	1	14
7	138398058	138398058	2	14
11	53463565	53463565	1	23
11	53463565	53463565	2	23
8	83166465	83166465	1	8
8	83166465	83166465	2	8
19	16870601	16870601	1	11
19	16870601	16870601	2	11
19	6995638	6995638	1	26
19	6995638	6995638	2	26
13	117603200	117603200	1	4
13	117603200	117603200	2	4
6	6299369	6299369	1	22
6	6299369	6299369	2	20
11	82926084	82926084	1	11
11	82926084	82926084	2	10
4	120304702	120304702	1	10
4	120304702	120304702	2	10
7	97549477	97549477	1	17
7	97549477	97549477	2	19
15	76087218	76087218	1	15
15	76087218	76087218	2	15
7	19852224	19852224	1	13
7	19852224	19852224	2	13
1	16093353	16093353	1	6
1	16093353	16093353	2	6
12	105234295	105234295	1	10
12	105234295	105234295	2	10
14	4415197	4415197	1	0
14	4415197	4415197	2	1
12	105003348	105003348	1	18
12	105003348	105003348	2	18
4	136234385	136234385	1	10
4	136234385	136234385	2	10
15	82928785	82928785	1	18
15	82928785	82928785	2	19
5	105792837	105792837	1	15
5	105792837	105792837	2	15
5	101826817	101826817	1	9
5	101826817	101826817	2	9
4	45846901	45846901	1	25
4	45846901	45846901	2	25
9	60545774	60545774	1	8
9	60545774	60545774	2	8
13	60497752	60497752	1	7
13	60497752	60497752	2	7
3	23264181	23264181	1	0
3	23264181	23264181	2	0
15	85961529	85961529	1	12
15	85961529	85961529	2	12
13	52989777	52989777	1	14
13	52989777	52989777	2	14
10	13028009	13028009	1	10
10	13028009	13028009	2	10
10	49788564	49788564	1	7
10	49788564	49788564	2	7
13	95616595	95616595	1	12
13	95616595	95616595	2	12
2	9884576	9884576	1	10
2	9884576	9884576	2	10
5	24383330	24383330	1	14
5	24383330	24383330	2	14
5	15935471	15935471	1	6
5	15935471	15935471	2	6
6	57929686	57929686	1	10
6	57929686	57929686	2	10
16	58107088	58107088	1	11
16	58107088	58107088	2	12
2	6730156	6730156	1	10
2	6730156	6730156	2	10
17	44476055	44476055	1	16
17	44476055	44476055	2	16
2	68383838	68383838	1	18
2	68383838	68383838	2	18
7	27488117	27488117	1	13
7	27488117	27488117	2	13
8	4205994	4205994	1	6
8	4205994	4205994	2	6
16	35449625	35449625	1	10
16	35449625	35449625	2	10
5	34322813	34322813	1	16
5	34322813	34322813	2	16
5	114127491	114127491	1	13
5	114127491	114127491	2	14
17	69076034	69076034	1	5
17	69076034	69076034	2	5
10	32890319	32890319	1	18
10	32890319	32890319	2	18
15	58979668	58979668	1	22
15	58979668	58979668	2	22
15	36641258	36641258	1	20
15	36641258	36641258	2	21
9	62018885	62018885	1	6
9	62018885	62018885	2	6
8	123341654	123341654	1	16
8	123341654	123341654	2	15
7	137317372	137317372	1	14
7	137317372	137317372	2	14
11	113785976	113785976	1	10
11	113785976	113785976	2	10
12	112707532	112707532	1	4
12	112707532	112707532	2	4
11	53463757	53463757	1	36
11	53463757	53463757	2	34
5	84416486	84416486	1	6
5	84416486	84416486	2	6
1	157444638	157444638	1	7
1	157444638	157444638	2	7
13	115959378	115959378	1	0
13	115959378	115959378	2	0
9	121808080	121808080	1	5
9	121808080	121808080	2	5
1	74783810	74783810	1	7
1	74783810	74783810	2	7
10	14535658	14535658	1	8
10	14535658	14535658	2	8
5	115208111	115208111	1	0
5	115208111	115208111	2	0
9	31858921	31858921	1	11
9	31858921	31858921	2	11
8	89042502	89042502	1	25
8	89042502	89042502	2	25
9	119418197	119418197	1	10
9	119418197	119418197	2	10
8	22811284	22811284	1	16
8	22811284	22811284	2	16
5	73649677	73649677	1	0
5	73649677	73649677	2	0
1	184882832	184882832	1	14
1	184882832	184882832	2	14
5	137091163	137091163	1	20
5	137091163	137091163	2	22
10	33624466	33624466	1	4
10	33624466	33624466	2	4
10	121161542	121161542	1	14
10	121161542	121161542	2	14
1	75015945	75015945	1	8
1	75015945	75015945	2	8
9	20889940	20889940	1	17
9	20889940	20889940	2	17
8	91800473	91800473	1	4
8	91800473	91800473	2	4
17	85822113	85822113	1	15
17	85822113	85822113	2	15
11	83020521	83020521	1	6
11	83020521	83020521	2	7
4	63256946	63256946	1	19
4	63256946	63256946	2	19
11	4135724	4135724	1	20
11	4135724	4135724	2	19
4	154641327	154641327	1	5
4	154641327	154641327	2	5
13	20120711	20120711	1	10
13	20120711	20120711	2	10
6	125410705	125410705	1	29
6	125410705	125410705	2	28
10	49782905	49782905	1	10
10	49782905	49782905	2	10
6	88242707	88242707	1	6
6	88242707	88242707	2	6
11	96988532	96988532	1	18
11	96988532	96988532	2	18
14	4649732	4649732	1	6
14	4649732	4649732	2	6
3	95530366	95530366	1	2
3	95530366	95530366	2	2
5	14025270	14025270	1	7
5	14025270	14025270	2	7
4	140658270	140658270	1	11
4	140658270	140658270	2	11
2	180642035	180642035	1	5
2	180642035	180642035	2	5
7	58836972	58836972	1	18
7	58836972	58836972	2	18
7	58836988	58836988	1	21
7	58836988	58836988	2	22
12	14151989	14151989	1	12
12	14151989	14151989	2	12
12	14151978	14151978	1	11
12	14151978	14151978	2	11
12	22466819	22466819	1	8
12	22466819	22466819	2	8
12	22466733	22466733	1	7
12	22466733	22466733	2	7
12	22466836	22466836	1	8
12	22466836	22466836	2	8
4	140661777	140661777	1	11
4	140661777	140661777	2	11
4	140661789	140661789	1	9
4	140661789	140661789	2	9
4	140661781	140661781	1	11
4	140661781	140661781	2	9
4	140661785	140661785	1	9
4	140661785	140661785	2	9
4	140661950	140661950	1	14
4	140661950	140661950	2	14
4	140661773	140661773	1	12
4	140661773	140661773	2	11
9	111311733	111311733	1	4
9	111311733	111311733	2	4
9	111311601	111311601	1	9
9	111311601	111311601	2	9
9	111311773	111311773	1	9
9	111311773	111311773	2	9
9	111311699	111311699	1	6
9	111311699	111311699	2	5
9	111311693	111311693	1	6
9	111311693	111311693	2	6
9	111311702	111311702	1	5
9	111311702	111311702	2	5
3	95172916	95172916	1	16
3	95172916	95172916	2	16
3	95173042	95173042	1	8
3	95173042	95173042	2	8
3	95172681	95172681	1	7
3	95172681	95172681	2	7
3	95173171	95173171	1	9
3	95173171	95173171	2	9
3	95172730	95172730	1	7
3	95172730	95172730	2	7
3	95173055	95173055	1	7
3	95173055	95173055	2	7
3	95172946	95172946	1	14
3	95172946	95172946	2	14
3	95173187	95173187	1	9
3	95173187	95173187	2	9
3	95172936	95172936	1	15
3	95172936	95172936	2	15
3	95172676	95172676	1	10
3	95172676	95172676	2	9
3	95172909	95172909	1	16
3	95172909	95172909	2	16
3	95172930	95172930	1	15
3	95172930	95172930	2	15
3	95173052	95173052	1	7
3	95173052	95173052	2	7
3	95173031	95173031	1	10
3	95173031	95173031	2	10
3	95172904	95172904	1	15
3	95172904	95172904	2	15
3	95172756	95172756	1	5
3	95172756	95172756	2	5
3	95173045	95173045	1	8
3	95173045	95173045	2	8
3	95172938	95172938	1	15
3	95172938	95172938	2	13
3	95172735	95172735	1	7
3	95172735	95172735	2	7
3	95173302	95173302	1	12
3	95173302	95173302	2	12
3	95173313	95173313	1	11
3	95173313	95173313	2	10
11	75895188	75895188	1	19
11	75895188	75895188	2	17
11	75895183	75895183	1	19
11	75895183	75895183	2	19
8	8969121	8969121	1	9
8	8969121	8969121	2	9
8	8969102	8969102	1	8
8	8969102	8969102	2	8
8	121117098	121117098	1	12
8	121117098	121117098	2	12
8	121117079	121117079	1	13
8	121117079	121117079	2	13
1	63273291	63273291	1	2
1	63273291	63273291	2	2
1	63273207	63273207	1	1
1	63273207	63273207	2	1
1	63273312	63273312	1	1
1	63273312	63273312	2	1
1	63273288	63273288	1	2
1	63273288	63273288	2	2
8	25027830	25027830	1	23
8	25027830	25027830	2	23
8	25027992	25027992	1	7
8	25027992	25027992	2	7
5	111420100	111420100	1	17
5	111420100	111420100	2	16
5	111420217	111420217	1	22
5	111420217	111420217	2	22
5	111419268	111419268	1	12
5	111419268	111419268	2	12
5	111419504	111419504	1	11
5	111419504	111419504	2	12
5	111420072	111420072	1	19
5	111420072	111420072	2	19
5	111419262	111419262	1	17
5	111419262	111419262	2	15
5	111420081	111420081	1	19
5	111420081	111420081	2	19
5	111418846	111418846	1	17
5	111418846	111418846	2	17
5	111419369	111419369	1	16
5	111419369	111419369	2	15
5	111419502	111419502	1	11
5	111419502	111419502	2	11
5	111419941	111419941	1	24
5	111419941	111419941	2	24
5	111419353	111419353	1	16
5	111419353	111419353	2	16
5	111420096	111420096	1	17
5	111420096	111420096	2	17
5	135022237	135022237	1	20
5	135022237	135022237	2	20
5	135022268	135022268	1	14
5	135022268	135022268	2	14
5	135022223	135022223	1	21
5	135022223	135022223	2	21
10	120428473	120428473	1	7
10	120428473	120428473	2	7
10	120428674	120428674	1	19
10	120428674	120428674	2	20
19	5756862	5756862	1	8
19	5756862	5756862	2	8
19	5756878	5756878	1	8
19	5756878	5756878	2	8
19	5756855	5756855	1	8
19	5756855	5756855	2	8
6	110645966	110645966	1	4
6	110645966	110645966	2	4
6	110645964	110645964	1	5
6	110645964	110645964	2	4
6	110645864	110645864	1	2
6	110645864	110645864	2	2
6	110645892	110645892	1	5
6	110645892	110645892	2	5
6	110645962	110645962	1	5
6	110645962	110645962	2	5
5	131307529	131307529	1	7
5	131307529	131307529	2	7
5	131307390	131307390	1	6
5	131307390	131307390	2	6
5	131307485	131307485	1	9
5	131307485	131307485	2	10
6	83161684	83161684	1	15
6	83161684	83161684	2	16
6	83161660	83161660	1	15
6	83161660	83161660	2	16
6	83161669	83161669	1	16
6	83161669	83161669	2	16
5	111420202	111420202	1	24
5	111420202	111420202	2	24
5	111419226	111419226	1	16
5	111419226	111419226	2	16
5	111420070	111420070	1	18
5	111420070	111420070	2	19
5	111419953	111419953	1	23
5	111419953	111419953	2	23
5	111420213	111420213	1	22
5	111420213	111420213	2	22
5	111420067	111420067	1	15
5	111420067	111420067	2	15
3	95173340	95173340	1	8
3	95173340	95173340	2	8
3	95173318	95173318	1	10
3	95173318	95173318	2	10
3	95173504	95173504	1	7
3	95173504	95173504	2	7
3	95173076	95173076	1	8
3	95173076	95173076	2	8
19	40487488	40487488	1	19
19	40487488	40487488	2	18
19	40487673	40487673	1	12
19	40487673	40487673	2	11
19	40487655	40487655	1	12
19	40487655	40487655	2	12
15	98780782	98780782	1	17
15	98780782	98780782	2	17
15	98780615	98780615	1	18
15	98780615	98780615	2	16
15	98780817	98780817	1	17
15	98780817	98780817	2	17
3	29082967	29082967	1	5
3	29082967	29082967	2	5
3	29082984	29082984	1	4
3	29082984	29082984	2	4
3	29082969	29082969	1	5
3	29082969	29082969	2	5
3	29082965	29082965	1	5
3	29082965	29082965	2	5
7	19118464	19118464	1	13
7	19118464	19118464	2	13
7	19118268	19118268	1	9
7	19118268	19118268	2	9
7	19118266	19118266	1	9
7	19118266	19118266	2	9
7	19118474	19118474	1	14
7	19118474	19118474	2	14
7	19118476	19118476	1	14
7	19118476	19118476	2	14
7	19118261	19118261	1	10
7	19118261	19118261	2	10
7	19118443	19118443	1	15
7	19118443	19118443	2	15
7	19118270	19118270	1	9
7	19118270	19118270	2	9
9	110873868	110873868	1	15
9	110873868	110873868	2	15
9	110873843	110873843	1	15
9	110873843	110873843	2	15
6	90550751	90550751	1	3
6	90550751	90550751	2	3
6	90550208	90550208	1	20
6	90550208	90550208	2	20
3	158561373	158561373	1	10
3	158561373	158561373	2	10
3	158561384	158561384	1	10
3	158561384	158561384	2	10
3	158561378	158561378	1	10
3	158561378	158561378	2	10
3	158561388	158561388	1	10
3	158561388	158561388	2	10
15	26308807	26308807	1	8
15	26308807	26308807	2	8
15	26308783	26308783	1	4
15	26308783	26308783	2	6
15	26308785	26308785	1	6
15	26308785	26308785	2	6
10	79921629	79921629	1	19
10	79921629	79921629	2	19
10	79921617	79921617	1	18
10	79921617	79921617	2	18
10	79921060	79921060	1	18
10	79921060	79921060	2	18
10	79921611	79921611	1	20
10	79921611	79921611	2	18
10	79921235	79921235	1	23
10	79921235	79921235	2	23
10	79921259	79921259	1	20
10	79921259	79921259	2	20
10	79921251	79921251	1	19
10	79921251	79921251	2	19
10	79921632	79921632	1	20
10	79921632	79921632	2	21
10	79921238	79921238	1	23
10	79921238	79921238	2	23
14	21990796	21990796	1	14
14	21990796	21990796	2	14
14	21990782	21990782	1	17
14	21990782	21990782	2	17
12	22906202	22906202	1	11
12	22906202	22906202	2	10
12	22906213	22906213	1	11
12	22906213	22906213	2	10
16	18588880	18588880	1	11
16	18588880	18588880	2	11
16	18588884	18588884	1	11
16	18588884	18588884	2	11
10	79921821	79921821	1	16
10	79921821	79921821	2	14
10	79921837	79921837	1	14
10	79921837	79921837	2	14
10	79921264	79921264	1	20
10	79921264	79921264	2	20
4	99656957	99656957	1	4
4	99656957	99656957	2	4
4	99657098	99657098	1	9
4	99657098	99657098	2	9
4	99657114	99657114	1	10
4	99657114	99657114	2	10
4	99653663	99653663	1	5
4	99653663	99653663	2	5
4	99657129	99657129	1	8
4	99657129	99657129	2	8
11	61684493	61684493	1	6
11	61684493	61684493	2	6
11	61684502	61684502	1	7
11	61684502	61684502	2	7
16	33755533	33755533	1	10
16	33755533	33755533	2	10
16	33755541	33755541	1	12
16	33755541	33755541	2	12
12	19954360	19954360	1	8
12	19954360	19954360	2	8
12	19954391	19954391	1	11
12	19954391	19954391	2	11
12	19954389	19954389	1	11
12	19954389	19954389	2	11
12	19954353	19954353	1	8
12	19954353	19954353	2	8
12	19954465	19954465	1	10
12	19954465	19954465	2	10
12	19954372	19954372	1	9
12	19954372	19954372	2	9
7	115379727	115379727	1	7
7	115379727	115379727	2	7
7	115379765	115379765	1	10
7	115379765	115379765	2	10
2	74655825	74655825	1	9
2	74655825	74655825	2	10
2	74655990	74655990	1	7
2	74655990	74655990	2	7
11	69965621	69965621	1	21
11	69965621	69965621	2	21
11	69965586	69965586	1	19
11	69965586	69965586	2	19
11	69965453	69965453	1	19
11	69965453	69965453	2	19
11	69965462	69965462	1	18
11	69965462	69965462	2	18
11	69965451	69965451	1	17
11	69965451	69965451	2	19
11	69966093	69966093	1	5
11	69966093	69966093	2	5
11	69966088	69966088	1	5
11	69966088	69966088	2	5
11	69965459	69965459	1	18
11	69965459	69965459	2	18
11	69965435	69965435	1	18
11	69965435	69965435	2	18
4	105175587	105175587	1	21
4	105175587	105175587	2	21
4	105175579	105175579	1	20
4	105175579	105175579	2	20
7	44697209	44697209	1	14
7	44697209	44697209	2	14
7	44697206	44697206	1	13
7	44697206	44697206	2	13
4	78212204	78212204	1	6
4	78212204	78212204	2	6
4	78212176	78212176	1	6
4	78212176	78212176	2	6
12	14150171	14150171	1	4
12	14150171	14150171	2	4
12	14150177	14150177	1	4
12	14150177	14150177	2	4
12	14149957	14149957	1	14
12	14149957	14149957	2	14
12	14149828	14149828	1	12
12	14149828	14149828	2	12
12	14152094	14152094	1	8
12	14152094	14152094	2	8
13	18218747	18218747	1	9
13	18218747	18218747	2	9
13	18218860	18218860	1	13
13	18218860	18218860	2	13
8	99416667	99416667	1	8
8	99416667	99416667	2	8
8	99416630	99416630	1	6
8	99416630	99416630	2	6
8	99416637	99416637	1	6
8	99416637	99416637	2	6
9	111311884	111311884	1	7
9	111311884	111311884	2	7
9	111311769	111311769	1	9
9	111311769	111311769	2	9
9	111311762	111311762	1	9
9	111311762	111311762	2	9
9	111311771	111311771	1	9
9	111311771	111311771	2	9
11	90033102	90033102	1	9
11	90033102	90033102	2	9
11	90033112	90033112	1	9
11	90033112	90033112	2	8
11	61684480	61684480	1	6
11	61684480	61684480	2	6
11	61684957	61684957	1	13
11	61684957	61684957	2	13
10	80810498	80810498	1	27
10	80810498	80810498	2	28
10	80810392	80810392	1	17
10	80810392	80810392	2	17
4	123105410	123105410	1	8
4	123105410	123105410	2	8
4	123105030	123105030	1	10
4	123105030	123105030	2	11
4	123105343	123105343	1	10
4	123105343	123105343	2	10
4	123105166	123105166	1	13
4	123105166	123105166	2	13
8	69881409	69881409	1	9
8	69881409	69881409	2	9
8	69885471	69885471	1	16
8	69885471	69885471	2	16
8	69882401	69882401	1	13
8	69882401	69882401	2	13
8	69882217	69882217	1	9
8	69882217	69882217	2	9
8	69881530	69881530	1	15
8	69881530	69881530	2	15
8	69882220	69882220	1	9
8	69882220	69882220	2	9
8	69885480	69885480	1	16
8	69885480	69885480	2	16
8	69882212	69882212	1	9
8	69882212	69882212	2	8
8	69882210	69882210	1	9
8	69882210	69882210	2	9
8	69881519	69881519	1	19
8	69881519	69881519	2	18
8	69882057	69882057	1	8
8	69882057	69882057	2	8
8	69882230	69882230	1	9
8	69882230	69882230	2	9
8	69882223	69882223	1	9
8	69882223	69882223	2	9
8	69885474	69885474	1	16
8	69885474	69885474	2	16
11	35798311	35798311	1	2
11	35798311	35798311	2	2
11	35798487	35798487	1	4
11	35798487	35798487	2	4
8	48555171	48555171	1	11
8	48555171	48555171	2	11
8	48555165	48555165	1	11
8	48555165	48555165	2	11
12	14151952	14151952	1	11
12	14151952	14151952	2	10
8	87468955	87468955	1	10
8	87468955	87468955	2	10
8	87472241	87472241	1	1
8	87472241	87472241	2	1
6	88200141	88200141	1	10
6	88200141	88200141	2	10
6	88197447	88197447	1	8
6	88197447	88197447	2	8
2	30652730	30652730	1	10
2	30652730	30652730	2	10
2	30652665	30652665	1	9
2	30652665	30652665	2	9
12	22466813	22466813	1	8
12	22466813	22466813	2	8
12	22466848	22466848	1	9
12	22466848	22466848	2	9
5	69341606	69341606	1	5
5	69341606	69341606	2	5
5	69340452	69340452	1	11
5	69340452	69340452	2	11
1	109982672	109982672	1	7
1	109982672	109982672	2	7
1	109983103	109983103	1	11
1	109983103	109983103	2	11
1	109983111	109983111	1	11
1	109983111	109983111	2	11
4	140750679	140750679	1	12
4	140750679	140750679	2	12
4	140750534	140750534	1	13
4	140750534	140750534	2	13
4	140750464	140750464	1	10
4	140750464	140750464	2	10
4	140750714	140750714	1	7
4	140750714	140750714	2	7
4	140750545	140750545	1	12
4	140750545	140750545	2	12
10	75424630	75424630	1	19
10	75424630	75424630	2	18
10	75424612	75424612	1	18
10	75424612	75424612	2	18
10	75424606	75424606	1	18
10	75424606	75424606	2	18
19	61225643	61225643	1	5
19	61225643	61225643	2	5
19	61225535	61225535	1	9
19	61225535	61225535	2	9
19	61226250	61226250	1	13
19	61226250	61226250	2	13
19	61225625	61225625	1	7
19	61225625	61225625	2	5
9	45839425	45839425	1	13
9	45839425	45839425	2	12
9	45839240	45839240	1	24
9	45839240	45839240	2	23
5	81021813	81021813	1	14
5	81021813	81021813	2	14
5	81022128	81022128	1	10
5	81022128	81022128	2	10
18	61036170	61036170	1	4
18	61036170	61036170	2	4
18	61036373	61036373	1	10
18	61036373	61036373	2	10
18	61036382	61036382	1	9
18	61036382	61036382	2	9
18	61036401	61036401	1	10
18	61036401	61036401	2	10
12	84417645	84417645	1	23
12	84417645	84417645	2	22
12	84417652	84417652	1	22
12	84417652	84417652	2	22
11	98767391	98767391	1	3
11	98767391	98767391	2	3
11	98767344	98767344	1	0
11	98767344	98767344	2	1
11	98767387	98767387	1	3
11	98767387	98767387	2	3
12	19882421	19882421	1	6
12	19882421	19882421	2	6
12	19882413	19882413	1	5
12	19882413	19882413	2	5
7	28732842	28732842	1	5
7	28732842	28732842	2	5
7	28732600	28732600	1	15
7	28732600	28732600	2	15
7	28732607	28732607	1	16
7	28732607	28732607	2	16
7	28732649	28732649	1	16
7	28732649	28732649	2	16
11	57827306	57827306	1	7
11	57827306	57827306	2	7
11	57827308	57827308	1	7
11	57827308	57827308	2	7
3	124321261	124321261	1	12
3	124321261	124321261	2	12
3	124321111	124321111	1	13
3	124321111	124321111	2	13
3	124321263	124321263	1	12
3	124321263	124321263	2	11
18	58209809	58209809	1	8
18	58209809	58209809	2	8
18	58209988	58209988	1	8
18	58209988	58209988	2	8
2	54437205	54437205	1	16
2	54437205	54437205	2	16
2	54437069	54437069	1	4
2	54437069	54437069	2	4
2	54436939	54436939	1	5
2	54436939	54436939	2	5
4	156234071	156234071	1	16
4	156234071	156234071	2	16
4	156234058	156234058	1	15
4	156234058	156234058	2	15
4	83512415	83512415	1	9
4	83512415	83512415	2	9
4	83512420	83512420	1	9
4	83512420	83512420	2	9
15	87625503	87625503	1	4
15	87625503	87625503	2	4
15	87625524	87625524	1	5
15	87625524	87625524	2	5
15	87625658	87625658	1	7
15	87625658	87625658	2	7
15	87625452	87625452	1	6
15	87625452	87625452	2	6
17	35425346	35425346	1	39
17	35425346	35425346	2	40
17	35425376	35425376	1	32
17	35425376	35425376	2	32
5	89882480	89882480	1	9
5	89882480	89882480	2	9
5	89882568	89882568	1	5
5	89882568	89882568	2	4
8	84784774	84784774	1	29
8	84784774	84784774	2	29
8	84784634	84784634	1	15
8	84784634	84784634	2	15
16	18585751	18585751	1	5
16	18585751	18585751	2	5
16	18588726	18588726	1	13
16	18588726	18588726	2	13
16	18588445	18588445	1	12
16	18588445	18588445	2	12
4	114912894	114912894	1	7
4	114912894	114912894	2	7
4	114912872	114912872	1	7
4	114912872	114912872	2	7
12	109408773	109408773	1	7
12	109408773	109408773	2	7
12	109408782	109408782	1	9
12	109408782	109408782	2	9
2	133554575	133554575	1	7
2	133554575	133554575	2	7
2	133554566	133554566	1	8
2	133554566	133554566	2	7
2	133554672	133554672	1	6
2	133554672	133554672	2	6
2	133554552	133554552	1	7
2	133554552	133554552	2	7
4	25799805	25799805	1	2
4	25799805	25799805	2	2
4	25799813	25799813	1	2
4	25799813	25799813	2	2
4	25799685	25799685	1	6
4	25799685	25799685	2	6
5	131538167	131538167	1	2
5	131538167	131538167	2	2
5	131538140	131538140	1	2
5	131538140	131538140	2	2
8	120268707	120268707	1	20
8	120268707	120268707	2	20
8	120268857	120268857	1	25
8	120268857	120268857	2	24
4	131916207	131916207	1	24
4	131916207	131916207	2	23
4	131916035	131916035	1	3
4	131916035	131916035	2	3
12	46819148	46819148	1	5
12	46819148	46819148	2	5
12	46819289	46819289	1	4
12	46819289	46819289	2	4
12	46819300	46819300	1	4
12	46819300	46819300	2	4
12	46819170	46819170	1	6
12	46819170	46819170	2	6
12	46819874	46819874	1	9
12	46819874	46819874	2	9
12	46819161	46819161	1	5
12	46819161	46819161	2	5
12	46819173	46819173	1	6
12	46819173	46819173	2	6
12	46819155	46819155	1	5
12	46819155	46819155	2	5
6	94283896	94283896	1	4
6	94283896	94283896	2	4
6	94283879	94283879	1	4
6	94283879	94283879	2	4
6	94283886	94283886	1	4
6	94283886	94283886	2	4
15	72547547	72547547	1	2
15	72547547	72547547	2	2
15	72547706	72547706	1	3
15	72547706	72547706	2	3
2	130638090	130638090	1	20
2	130638090	130638090	2	20
2	130638074	130638074	1	21
2	130638074	130638074	2	22
2	130638097	130638097	1	21
2	130638097	130638097	2	21
8	84912711	84912711	1	19
8	84912711	84912711	2	19
8	84912576	84912576	1	14
8	84912576	84912576	2	14
8	84912574	84912574	1	14
8	84912574	84912574	2	14
8	84912707	84912707	1	18
8	84912707	84912707	2	18
8	84912714	84912714	1	19
8	84912714	84912714	2	19
4	81442938	81442938	1	10
4	81442938	81442938	2	10
4	81442935	81442935	1	10
4	81442935	81442935	2	10
17	26439181	26439181	1	8
17	26439181	26439181	2	8
17	26439179	26439179	1	8
17	26439179	26439179	2	8
17	26439069	26439069	1	9
17	26439069	26439069	2	9
17	26439060	26439060	1	8
17	26439060	26439060	2	8
17	26439139	26439139	1	14
17	26439139	26439139	2	14
17	26439269	26439269	1	12
17	26439269	26439269	2	12
17	26439082	26439082	1	10
17	26439082	26439082	2	10
11	83851068	83851068	1	4
11	83851068	83851068	2	4
11	83849875	83849875	1	9
11	83849875	83849875	2	9
11	83851770	83851770	1	29
11	83851770	83851770	2	29
11	83850008	83850008	1	11
11	83850008	83850008	2	11
10	114801288	114801288	1	1
10	114801288	114801288	2	1
10	114802243	114802243	1	5
10	114802243	114802243	2	5
10	114801285	114801285	1	1
10	114801285	114801285	2	1
8	17534993	17534993	1	8
8	17534993	17534993	2	8
8	17535349	17535349	1	4
8	17535349	17535349	2	4
8	17535542	17535542	1	6
8	17535542	17535542	2	6
8	17535540	17535540	1	6
8	17535540	17535540	2	6
17	36216219	36216219	1	15
17	36216219	36216219	2	15
17	36216216	36216216	1	16
17	36216216	36216216	2	15
17	36216241	36216241	1	11
17	36216241	36216241	2	11
6	122609508	122609508	1	12
6	122609508	122609508	2	12
6	122609506	122609506	1	12
6	122609506	122609506	2	12
6	122609523	122609523	1	12
6	122609523	122609523	2	12
18	9215030	9215030	1	6
18	9215030	9215030	2	6
18	9215036	9215036	1	6
18	9215036	9215036	2	6
18	9214918	9214918	1	10
18	9214918	9214918	2	10
18	9213813	9213813	1	15
18	9213813	9213813	2	15
18	9213462	9213462	1	7
18	9213462	9213462	2	8
18	9213836	9213836	1	14
18	9213836	9213836	2	14
18	9213823	9213823	1	15
18	9213823	9213823	2	15
18	9213672	9213672	1	11
18	9213672	9213672	2	11
5	131537080	131537080	1	3
5	131537080	131537080	2	3
5	131537549	131537549	1	5
5	131537549	131537549	2	5
16	20802302	20802302	1	6
16	20802302	20802302	2	6
16	20804373	20804373	1	7
16	20804373	20804373	2	7
9	21037820	21037820	1	15
9	21037820	21037820	2	15
9	21037837	21037837	1	16
9	21037837	21037837	2	16
9	21037835	21037835	1	16
9	21037835	21037835	2	16
12	19704171	19704171	1	9
12	19704171	19704171	2	9
12	19704196	19704196	1	8
12	19704196	19704196	2	9
2	63184273	63184273	1	4
2	63184273	63184273	2	4
2	63184154	63184154	1	5
2	63184154	63184154	2	5
2	63184233	63184233	1	5
2	63184233	63184233	2	5
6	83161925	83161925	1	12
6	83161925	83161925	2	12
6	83161927	83161927	1	12
6	83161927	83161927	2	12
18	59175742	59175742	1	9
18	59175742	59175742	2	8
18	59175744	59175744	1	8
18	59175744	59175744	2	9
3	158561353	158561353	1	11
3	158561353	158561353	2	10
3	158561360	158561360	1	10
3	158561360	158561360	2	10
4	147275542	147275542	1	24
4	147275542	147275542	2	24
4	147276023	147276023	1	25
4	147276023	147276023	2	25
4	147275538	147275538	1	24
4	147275538	147275538	2	24
19	61225646	61225646	1	4
19	61225646	61225646	2	4
19	61225523	61225523	1	6
19	61225523	61225523	2	6
19	61225504	61225504	1	5
19	61225504	61225504	2	5
19	61226979	61226979	1	4
19	61226979	61226979	2	4
7	27658182	27658182	1	13
7	27658182	27658182	2	13
7	27657807	27657807	1	17
7	27657807	27657807	2	17
7	27657945	27657945	1	13
7	27657945	27657945	2	13
7	27657781	27657781	1	15
7	27657781	27657781	2	14
9	91362575	91362575	1	5
9	91362575	91362575	2	5
9	91362580	91362580	1	5
9	91362580	91362580	2	5
9	91364946	91364946	1	1
9	91364946	91364946	2	1
2	57112041	57112041	1	14
2	57112041	57112041	2	14
2	57112007	57112007	1	9
2	57112007	57112007	2	9
2	57111362	57111362	1	11
2	57111362	57111362	2	12
2	57109445	57109445	1	25
2	57109445	57109445	2	25
2	57111388	57111388	1	15
2	57111388	57111388	2	15
10	70599713	70599713	1	5
10	70599713	70599713	2	5
10	70599742	70599742	1	5
10	70599742	70599742	2	5
10	70599752	70599752	1	4
10	70599752	70599752	2	4
13	112443541	112443541	1	11
13	112443541	112443541	2	11
13	112443543	112443543	1	11
13	112443543	112443543	2	11
10	103028024	103028024	1	7
10	103028024	103028024	2	7
10	103028645	103028645	1	3
10	103028645	103028645	2	3
19	5742503	5742503	1	9
19	5742503	5742503	2	9
19	5742398	5742398	1	11
19	5742398	5742398	2	11
19	5742406	5742406	1	12
19	5742406	5742406	2	12
12	49383970	49383970	1	6
12	49383970	49383970	2	6
12	49385535	49385535	1	5
12	49385535	49385535	2	5
12	49384436	49384436	1	11
12	49384436	49384436	2	11
2	61815777	61815777	1	5
2	61815777	61815777	2	5
2	61815602	61815602	1	2
2	61815602	61815602	2	2
18	22344070	22344070	1	5
18	22344070	22344070	2	5
18	22343961	22343961	1	13
18	22343961	22343961	2	13
12	108328065	108328065	1	17
12	108328065	108328065	2	17
12	108328056	108328056	1	18
12	108328056	108328056	2	18
12	108328046	108328046	1	19
12	108328046	108328046	2	19
12	108328063	108328063	1	17
12	108328063	108328063	2	17
19	5751200	5751200	1	18
19	5751200	5751200	2	19
19	5751034	5751034	1	24
19	5751034	5751034	2	25
4	134407525	134407525	1	20
4	134407525	134407525	2	21
4	134402500	134402500	1	16
4	134402500	134402500	2	16
4	123105398	123105398	1	8
4	123105398	123105398	2	8
4	123105407	123105407	1	8
4	123105407	123105407	2	8
4	123105492	123105492	1	9
4	123105492	123105492	2	9
1	55363555	55363555	1	7
1	55363555	55363555	2	7
1	55363538	55363538	1	6
1	55363538	55363538	2	6
1	55363577	55363577	1	9
1	55363577	55363577	2	9
8	48555346	48555346	1	11
8	48555346	48555346	2	11
8	48555054	48555054	1	14
8	48555054	48555054	2	14
8	48555035	48555035	1	10
8	48555035	48555035	2	10
10	103028734	103028734	1	6
10	103028734	103028734	2	6
10	103028731	103028731	1	5
10	103028731	103028731	2	6
13	41078981	41078981	1	5
13	41078981	41078981	2	5
13	41079164	41079164	1	1
13	41079164	41079164	2	1
11	116108285	116108285	1	10
11	116108285	116108285	2	9
11	116108261	116108261	1	9
11	116108261	116108261	2	9
1	42694802	42694802	1	5
1	42694802	42694802	2	5
1	42694763	42694763	1	7
1	42694763	42694763	2	7
1	42694085	42694085	1	16
1	42694085	42694085	2	16
19	37697026	37697026	1	19
19	37697026	37697026	2	19
19	37693237	37693237	1	16
19	37693237	37693237	2	16
1	185455119	185455119	1	11
1	185455119	185455119	2	11
1	185455370	185455370	1	13
1	185455370	185455370	2	14
3	124320980	124320980	1	6
3	124320980	124320980	2	5
3	124321130	124321130	1	14
3	124321130	124321130	2	14
11	61147628	61147628	1	10
11	61147628	61147628	2	10
11	61147017	61147017	1	3
11	61147017	61147017	2	3
11	61147624	61147624	1	10
11	61147624	61147624	2	10
11	96005030	96005030	1	3
11	96005030	96005030	2	3
11	96005522	96005522	1	5
11	96005522	96005522	2	5
11	96007673	96007673	1	11
11	96007673	96007673	2	11
11	96005567	96005567	1	4
11	96005567	96005567	2	4
8	121117016	121117016	1	10
8	121117016	121117016	2	10
8	121116808	121116808	1	11
8	121116808	121116808	2	11
8	121117030	121117030	1	11
8	121117030	121117030	2	11
4	46344273	46344273	1	6
4	46344273	46344273	2	7
4	46344276	46344276	1	7
4	46344276	46344276	2	7
4	46343917	46343917	1	8
4	46343917	46343917	2	8
13	60176384	60176384	1	15
13	60176384	60176384	2	15
13	60176554	60176554	1	21
13	60176554	60176554	2	21
13	60176517	60176517	1	23
13	60176517	60176517	2	23
13	41220334	41220334	1	2
13	41220334	41220334	2	2
13	41220361	41220361	1	3
13	41220361	41220361	2	3
13	41220365	41220365	1	3
13	41220365	41220365	2	3
17	62880466	62880466	1	2
17	62880466	62880466	2	2
17	62880473	62880473	1	1
17	62880473	62880473	2	1
7	70361584	70361584	1	11
7	70361584	70361584	2	11
7	70362076	70362076	1	6
7	70362076	70362076	2	7
7	70361619	70361619	1	12
7	70361619	70361619	2	14
1	42491910	42491910	1	9
1	42491910	42491910	2	9
1	42491879	42491879	1	11
1	42491879	42491879	2	11
7	133124620	133124620	1	22
7	133124620	133124620	2	22
7	133124626	133124626	1	22
7	133124626	133124626	2	21
1	89931151	89931151	1	5
1	89931151	89931151	2	5
1	89930356	89930356	1	10
1	89930356	89930356	2	10
3	62340390	62340390	1	18
3	62340390	62340390	2	18
3	62339346	62339346	1	12
3	62339346	62339346	2	12
3	62338866	62338866	1	6
3	62338866	62338866	2	6
3	62339361	62339361	1	11
3	62339361	62339361	2	10
7	99535752	99535752	1	5
7	99535752	99535752	2	5
7	99535877	99535877	1	7
7	99535877	99535877	2	7
7	143475960	143475960	1	20
7	143475960	143475960	2	20
7	143475921	143475921	1	20
7	143475921	143475921	2	20
18	22344446	22344446	1	1
18	22344446	22344446	2	1
18	22344787	22344787	1	4
18	22344787	22344787	2	4
4	76449947	76449947	1	9
4	76449947	76449947	2	9
4	76449951	76449951	1	8
4	76449951	76449951	2	8
4	76449945	76449945	1	9
4	76449945	76449945	2	9
4	76449927	76449927	1	14
4	76449927	76449927	2	13
4	76449815	76449815	1	15
4	76449815	76449815	2	14
4	76449949	76449949	1	9
4	76449949	76449949	2	8
4	76449820	76449820	1	14
4	76449820	76449820	2	14
4	76450474	76450474	1	15
4	76450474	76450474	2	15
4	76449539	76449539	1	9
4	76449539	76449539	2	9
4	76449545	76449545	1	9
4	76449545	76449545	2	9
12	20312622	20312622	1	4
12	20312622	20312622	2	4
12	20312169	20312169	1	9
12	20312169	20312169	2	9
12	20312135	20312135	1	9
12	20312135	20312135	2	9
7	134225008	134225008	1	5
7	134225008	134225008	2	5
7	134225018	134225018	1	6
7	134225018	134225018	2	6
7	134225139	134225139	1	9
7	134225139	134225139	2	9
8	92855474	92855474	1	15
8	92855474	92855474	2	15
8	92855492	92855492	1	15
8	92855492	92855492	2	15
7	118596492	118596492	1	28
7	118596492	118596492	2	28
7	118596475	118596475	1	22
7	118596475	118596475	2	23
15	98895041	98895041	1	14
15	98895041	98895041	2	14
15	98898261	98898261	1	15
15	98898261	98898261	2	15
10	109010673	109010673	1	8
10	109010673	109010673	2	8
10	109010652	109010652	1	12
10	109010652	109010652	2	12
8	78436425	78436425	1	6
8	78436425	78436425	2	6
8	78436419	78436419	1	6
8	78436419	78436419	2	6
8	78436303	78436303	1	4
8	78436303	78436303	2	3
16	35156456	35156456	1	8
16	35156456	35156456	2	9
16	35156450	35156450	1	7
16	35156450	35156450	2	7
19	6830086	6830086	1	15
19	6830086	6830086	2	15
19	6830407	6830407	1	11
19	6830407	6830407	2	11
19	6830399	6830399	1	12
19	6830399	6830399	2	12
19	6830390	6830390	1	12
19	6830390	6830390	2	12
16	9993045	9993045	1	4
16	9993045	9993045	2	4
16	9994912	9994912	1	5
16	9994912	9994912	2	5
16	9994255	9994255	1	5
16	9994255	9994255	2	4
16	9995630	9995630	1	13
16	9995630	9995630	2	12
16	9995620	9995620	1	15
16	9995620	9995620	2	15
16	9994229	9994229	1	4
16	9994229	9994229	2	4
1	13126897	13126897	1	8
1	13126897	13126897	2	8
1	13126776	13126776	1	8
1	13126776	13126776	2	8
11	96346054	96346054	1	6
11	96346054	96346054	2	6
11	96346051	96346051	1	6
11	96346051	96346051	2	6
11	96345937	96345937	1	9
11	96345937	96345937	2	9
4	146067279	146067279	1	12
4	146067279	146067279	2	12
4	146067783	146067783	1	11
4	146067783	146067783	2	11
4	146067706	146067706	1	13
4	146067706	146067706	2	13
4	146067790	146067790	1	11
4	146067790	146067790	2	11
4	148952695	148952695	1	8
4	148952695	148952695	2	9
4	148952391	148952391	1	7
4	148952391	148952391	2	7
4	148952689	148952689	1	9
4	148952689	148952689	2	9
4	148952382	148952382	1	7
4	148952382	148952382	2	7
11	53478691	53478691	1	17
11	53478691	53478691	2	17
11	53478799	53478799	1	15
11	53478799	53478799	2	15
11	53478907	53478907	1	3
11	53478907	53478907	2	3
7	37624416	37624416	1	9
7	37624416	37624416	2	9
7	37624398	37624398	1	9
7	37624398	37624398	2	9
4	43632400	43632400	1	19
4	43632400	43632400	2	19
4	43632367	43632367	1	16
4	43632367	43632367	2	16
17	68841184	68841184	1	7
17	68841184	68841184	2	7
17	68841181	68841181	1	7
17	68841181	68841181	2	7
11	33203157	33203157	1	8
11	33203157	33203157	2	8
11	33201272	33201272	1	4
11	33201272	33201272	2	4
11	33203575	33203575	1	5
11	33203575	33203575	2	5
11	33203379	33203379	1	3
11	33203379	33203379	2	3
11	33203405	33203405	1	4
11	33203405	33203405	2	4
19	27217200	27217200	1	13
19	27217200	27217200	2	13
19	27217204	27217204	1	13
19	27217204	27217204	2	13
19	27217356	27217356	1	3
19	27217356	27217356	2	3
19	27217364	27217364	1	3
19	27217364	27217364	2	3
19	27217182	27217182	1	16
19	27217182	27217182	2	16
19	27217041	27217041	1	6
19	27217041	27217041	2	6
19	27217087	27217087	1	13
19	27217087	27217087	2	13
19	27217192	27217192	1	13
19	27217192	27217192	2	13
2	77816430	77816430	1	2
2	77816430	77816430	2	2
2	77816575	77816575	1	4
2	77816575	77816575	2	4
2	77816901	77816901	1	3
2	77816901	77816901	2	3
2	77816917	77816917	1	4
2	77816917	77816917	2	4
2	77816583	77816583	1	4
2	77816583	77816583	2	4
2	77816782	77816782	1	2
2	77816782	77816782	2	2
5	101765668	101765668	1	4
5	101765668	101765668	2	3
5	101765662	101765662	1	5
5	101765662	101765662	2	5
5	101765788	101765788	1	5
5	101765788	101765788	2	5
15	95527971	95527971	1	7
15	95527971	95527971	2	7
15	95527978	95527978	1	7
15	95527978	95527978	2	7
6	63257475	63257475	1	7
6	63257475	63257475	2	7
6	63257364	63257364	1	8
6	63257364	63257364	2	8
11	21997929	21997929	1	9
11	21997929	21997929	2	9
11	21994068	21994068	1	6
11	21994068	21994068	2	6
11	21993757	21993757	1	6
11	21993757	21993757	2	6
