Chr	Start	End	No. Probes	Features	Descriptions	Mean Custom_library	StDev Custom_library	Mean xGen_library	StDev xGen_library	Mean Noenrichment_library	StDev Noenrichment_library
1	13126776	13126777	1			1588.0	0.0	1326.0	0.0	7.0	0.0
1	13126897	13126898	1			1335.0	0.0	1065.0	0.0	2.0	0.0
1	13126903	13126904	1			1355.0	0.0	1086.0	0.0	2.0	0.0
1	13659712	13659713	1			2291.0	0.0	1969.0	0.0	11.0	0.0
1	15287263	15287264	1			929.0	0.0	690.0	0.0	1.0	0.0
1	16093353	16093354	1			934.0	0.0	744.0	0.0	2.0	0.0
1	42491877	42491878	1			1323.0	0.0	1126.0	0.0	3.0	0.0
1	42491879	42491880	1			1315.0	0.0	1126.0	0.0	3.0	0.0
1	42491910	42491911	1			1383.0	0.0	1171.0	0.0	5.0	0.0
1	42694085	42694086	1			1200.0	0.0	1000.0	0.0	3.0	0.0
1	42694763	42694764	1			733.0	0.0	558.0	0.0	2.0	0.0
1	42694802	42694803	1			701.0	0.0	556.0	0.0	1.0	0.0
1	42697622	42697623	1			811.0	0.0	660.0	0.0	3.0	0.0
1	55363538	55363539	1			933.0	0.0	788.0	0.0	2.0	0.0
1	55363551	55363552	1			949.0	0.0	801.0	0.0	2.0	0.0
1	55363555	55363556	1			985.0	0.0	835.0	0.0	2.0	0.0
1	55363577	55363578	1			1021.0	0.0	851.0	0.0	3.0	0.0
1	58165381	58165382	1			1741.0	0.0	1402.0	0.0	7.0	0.0
1	63273207	63273208	1			592.0	0.0	454.0	0.0	3.0	0.0
1	63273286	63273287	1			741.0	0.0	588.0	0.0	3.0	0.0
1	63273288	63273289	1			731.0	0.0	580.0	0.0	3.0	0.0
1	63273291	63273292	1			725.0	0.0	576.0	0.0	3.0	0.0
1	63273312	63273313	1			668.0	0.0	529.0	0.0	3.0	0.0
1	74783810	74783811	1			1453.0	0.0	1237.0	0.0	7.0	0.0
1	75015945	75015946	1			1664.0	0.0	1423.0	0.0	8.0	0.0
1	85109189	85109190	1			3557.0	0.0	2776.0	0.0	16.0	0.0
1	89930356	89930357	1			978.0	0.0	790.0	0.0	3.0	0.0
1	89931151	89931152	1			1383.0	0.0	1134.0	0.0	5.0	0.0
1	89931154	89931155	1			1375.0	0.0	1135.0	0.0	4.0	0.0
1	89992391	89992392	1			951.0	0.0	748.0	0.0	1.0	0.0
1	101902585	101902586	1			1759.0	0.0	1469.0	0.0	6.0	0.0
1	109982672	109982673	1			559.0	0.0	450.0	0.0	1.0	0.0
1	109983103	109983104	1			978.0	0.0	770.0	0.0	5.0	0.0
1	109983111	109983112	1			927.0	0.0	729.0	0.0	5.0	0.0
1	109983116	109983117	1			900.0	0.0	707.0	0.0	5.0	0.0
1	112416723	112416724	1			1287.0	0.0	1070.0	0.0	6.0	0.0
1	120600185	120600186	1			1554.0	0.0	1227.0	0.0	9.0	0.0
1	126925769	126925770	1			1837.0	0.0	1501.0	0.0	6.0	0.0
1	132767697	132767698	1			2054.0	0.0	1702.0	0.0	14.0	0.0
1	132951989	132951990	1			1710.0	0.0	1406.0	0.0	5.0	0.0
1	134998387	134998388	1			1064.0	0.0	893.0	0.0	2.0	0.0
1	135374460	135374461	1			1541.0	0.0	1226.0	0.0	6.0	0.0
1	152956175	152956176	1			1283.0	0.0	1058.0	0.0	6.0	0.0
1	157444638	157444639	1			1636.0	0.0	1298.0	0.0	5.0	0.0
1	164693668	164693669	1			0.0	0.0	0.0	0.0	3.0	0.0
1	179842633	179842634	1			1419.0	0.0	1150.0	0.0	4.0	0.0
1	184882832	184882833	1			1310.0	0.0	1123.0	0.0	5.0	0.0
1	185455119	185455120	1			1007.0	0.0	843.0	0.0	4.0	0.0
1	185455219	185455220	1			1140.0	0.0	948.0	0.0	3.0	0.0
1	185455370	185455371	1			1283.0	0.0	1032.0	0.0	4.0	0.0
2	6730156	6730157	1			1932.0	0.0	1588.0	0.0	5.0	0.0
2	7063783	7063784	1			1735.0	0.0	1460.0	0.0	9.0	0.0
2	9884576	9884577	1			1282.0	0.0	1027.0	0.0	4.0	0.0
2	16400594	16400595	1			1036.0	0.0	892.0	0.0	4.0	0.0
2	21237200	21237201	1			1926.0	0.0	1654.0	0.0	7.0	0.0
2	29195635	29195636	1			1190.0	0.0	971.0	0.0	5.0	0.0
2	29198493	29198494	1			1885.0	0.0	1609.0	0.0	9.0	0.0
2	30652644	30652645	1			1007.0	0.0	802.0	0.0	5.0	0.0
2	30652665	30652666	1			1073.0	0.0	856.0	0.0	5.0	0.0
2	30652730	30652731	1			977.0	0.0	744.0	0.0	3.0	0.0
2	33975929	33975930	1			1446.0	0.0	1124.0	0.0	6.0	0.0
2	37793601	37793602	1			1300.0	0.0	1098.0	0.0	1.0	0.0
2	54436805	54436806	1			1044.0	0.0	849.0	0.0	4.0	0.0
2	54436939	54436940	1			1328.0	0.0	1146.0	0.0	2.0	0.0
2	54437069	54437070	1			1612.0	0.0	1424.0	0.0	5.0	0.0
2	54437205	54437206	1			2162.0	0.0	1862.0	0.0	12.0	0.0
2	57109445	57109446	1			2178.0	0.0	1683.0	0.0	7.0	0.0
2	57111362	57111363	1			1405.0	0.0	1172.0	0.0	3.0	0.0
2	57111388	57111389	1			1469.0	0.0	1243.0	0.0	1.0	0.0
2	57111502	57111503	1			1828.0	0.0	1548.0	0.0	4.0	0.0
2	57111641	57111642	1			1487.0	0.0	1156.0	0.0	7.0	0.0
2	57112007	57112008	1			1755.0	0.0	1413.0	0.0	5.0	0.0
2	57112041	57112042	1			1757.0	0.0	1428.0	0.0	4.0	0.0
2	59829395	59829396	1			1408.0	0.0	1156.0	0.0	3.0	0.0
2	61815602	61815603	1			563.0	0.0	447.0	0.0	1.0	0.0
2	61815608	61815609	1			593.0	0.0	484.0	0.0	1.0	0.0
2	61815777	61815778	1			929.0	0.0	783.0	0.0	3.0	0.0
2	63184154	63184155	1			801.0	0.0	648.0	0.0	0.0	0.0
2	63184156	63184157	1			811.0	0.0	649.0	0.0	0.0	0.0
2	63184163	63184164	1			867.0	0.0	687.0	0.0	2.0	0.0
2	63184233	63184234	1			910.0	0.0	722.0	0.0	4.0	0.0
2	63184245	63184246	1			865.0	0.0	673.0	0.0	4.0	0.0
2	63184273	63184274	1			576.0	0.0	456.0	0.0	4.0	0.0
2	68383838	68383839	1			2080.0	0.0	1772.0	0.0	9.0	0.0
2	74655649	74655650	1			987.0	0.0	831.0	0.0	4.0	0.0
2	74655825	74655826	1			956.0	0.0	836.0	0.0	3.0	0.0
2	74655990	74655991	1			1228.0	0.0	1064.0	0.0	5.0	0.0
2	74682449	74682450	1			1111.0	0.0	900.0	0.0	2.0	0.0
2	74682458	74682459	1			1121.0	0.0	894.0	0.0	2.0	0.0
2	75425568	75425569	1			1704.0	0.0	1463.0	0.0	5.0	0.0
2	77816430	77816431	1			929.0	0.0	778.0	0.0	4.0	0.0
2	77816438	77816439	1			957.0	0.0	794.0	0.0	4.0	0.0
2	77816575	77816576	1			1093.0	0.0	969.0	0.0	5.0	0.0
2	77816583	77816584	1			1093.0	0.0	964.0	0.0	5.0	0.0
2	77816782	77816783	1			1150.0	0.0	1015.0	0.0	4.0	0.0
2	77816901	77816902	1			883.0	0.0	800.0	0.0	4.0	0.0
2	77816917	77816918	1			884.0	0.0	784.0	0.0	4.0	0.0
2	84184889	84184890	1			1457.0	0.0	1261.0	0.0	6.0	0.0
2	91645789	91645790	1			2325.0	0.0	1977.0	0.0	8.0	0.0
2	93014386	93014387	1			1511.0	0.0	1285.0	0.0	2.0	0.0
2	93365728	93365729	1			1745.0	0.0	1401.0	0.0	4.0	0.0
2	93365751	93365752	1			1803.0	0.0	1447.0	0.0	4.0	0.0
2	122665822	122665823	1			1229.0	0.0	949.0	0.0	7.0	0.0
2	124938346	124938347	1			1419.0	0.0	1125.0	0.0	3.0	0.0
2	127552852	127552853	1			1659.0	0.0	1325.0	0.0	2.0	0.0
2	130638074	130638075	1			1857.0	0.0	1446.0	0.0	2.0	0.0
2	130638082	130638083	1			1855.0	0.0	1436.0	0.0	2.0	0.0
2	130638090	130638091	1			1841.0	0.0	1428.0	0.0	2.0	0.0
2	130638097	130638098	1			1848.0	0.0	1444.0	0.0	2.0	0.0
2	131524854	131524855	1			1833.0	0.0	1539.0	0.0	7.0	0.0
2	131561342	131561343	1			1434.0	0.0	1123.0	0.0	4.0	0.0
2	133553339	133553340	1			1142.0	0.0	950.0	0.0	4.0	0.0
2	133554552	133554553	1			1239.0	0.0	993.0	0.0	4.0	0.0
2	133554559	133554560	1			1260.0	0.0	1004.0	0.0	3.0	0.0
2	133554566	133554567	1			1338.0	0.0	1076.0	0.0	3.0	0.0
2	133554575	133554576	1			1401.0	0.0	1119.0	0.0	3.0	0.0
2	133554672	133554673	1			612.0	0.0	512.0	0.0	1.0	0.0
2	143546106	143546107	1			622.0	0.0	553.0	0.0	3.0	0.0
2	143862630	143862631	1			1283.0	0.0	1101.0	0.0	7.0	0.0
2	147180836	147180837	1			908.0	0.0	758.0	0.0	3.0	0.0
2	147180936	147180937	1			879.0	0.0	750.0	0.0	2.0	0.0
2	152156224	152156225	1			1249.0	0.0	964.0	0.0	8.0	0.0
2	153032202	153032203	1			998.0	0.0	847.0	0.0	3.0	0.0
2	154221007	154221008	1			1770.0	0.0	1466.0	0.0	7.0	0.0
2	158191198	158191199	1			1921.0	0.0	1587.0	0.0	11.0	0.0
2	158554597	158554598	1			2079.0	0.0	1701.0	0.0	6.0	0.0
2	163551657	163551658	1			1573.0	0.0	1261.0	0.0	3.0	0.0
2	164171874	164171875	1			1520.0	0.0	1144.0	0.0	5.0	0.0
2	165407774	165407775	1			2003.0	0.0	1662.0	0.0	6.0	0.0
2	168842301	168842302	1			1181.0	0.0	956.0	0.0	7.0	0.0
2	172042259	172042260	1			1100.0	0.0	872.0	0.0	4.0	0.0
2	178558221	178558222	1			1652.0	0.0	1382.0	0.0	5.0	0.0
2	180273934	180273935	1			2236.0	0.0	1917.0	0.0	6.0	0.0
2	180334000	180334001	1			1302.0	0.0	1043.0	0.0	8.0	0.0
2	180642035	180642036	1			840.0	0.0	715.0	0.0	5.0	0.0
3	14393935	14393936	1			1919.0	0.0	1553.0	0.0	8.0	0.0
3	17787694	17787695	1			2133.0	0.0	1860.0	0.0	10.0	0.0
3	23264181	23264182	1			0.0	0.0	0.0	0.0	5.0	0.0
3	29082965	29082966	1			1057.0	0.0	861.0	0.0	3.0	0.0
3	29082967	29082968	1			1050.0	0.0	861.0	0.0	3.0	0.0
3	29082969	29082970	1			1063.0	0.0	870.0	0.0	3.0	0.0
3	29082978	29082979	1			1044.0	0.0	881.0	0.0	3.0	0.0
3	29082984	29082985	1			1074.0	0.0	893.0	0.0	3.0	0.0
3	45380703	45380704	1			1790.0	0.0	1451.0	0.0	5.0	0.0
3	50879680	50879681	1			1842.0	0.0	1517.0	0.0	10.0	0.0
3	52180554	52180555	1			1744.0	0.0	1461.0	0.0	5.0	0.0
3	62338866	62338867	1			849.0	0.0	713.0	0.0	5.0	0.0
3	62339346	62339347	1			1268.0	0.0	1032.0	0.0	4.0	0.0
3	62339361	62339362	1			1221.0	0.0	1003.0	0.0	5.0	0.0
3	62340384	62340385	1			1787.0	0.0	1477.0	0.0	7.0	0.0
3	62340390	62340391	1			1770.0	0.0	1460.0	0.0	6.0	0.0
3	82876385	82876386	1			892.0	0.0	665.0	0.0	1.0	0.0
3	84478979	84478980	1			1750.0	0.0	1384.0	0.0	2.0	0.0
3	84478982	84478983	1			1749.0	0.0	1390.0	0.0	2.0	0.0
3	95172676	95172677	1			1054.0	0.0	890.0	0.0	4.0	0.0
3	95172681	95172682	1			1060.0	0.0	899.0	0.0	4.0	0.0
3	95172730	95172731	1			1282.0	0.0	1079.0	0.0	5.0	0.0
3	95172735	95172736	1			1274.0	0.0	1077.0	0.0	5.0	0.0
3	95172756	95172757	1			1257.0	0.0	1070.0	0.0	4.0	0.0
3	95172904	95172905	1			1434.0	0.0	1247.0	0.0	4.0	0.0
3	95172909	95172910	1			1438.0	0.0	1236.0	0.0	3.0	0.0
3	95172916	95172917	1			1443.0	0.0	1233.0	0.0	4.0	0.0
3	95172930	95172931	1			1454.0	0.0	1260.0	0.0	4.0	0.0
3	95172936	95172937	1			1491.0	0.0	1287.0	0.0	4.0	0.0
3	95172938	95172939	1			1481.0	0.0	1289.0	0.0	4.0	0.0
3	95172946	95172947	1			1480.0	0.0	1275.0	0.0	4.0	0.0
3	95173031	95173032	1			1540.0	0.0	1327.0	0.0	6.0	0.0
3	95173042	95173043	1			1544.0	0.0	1325.0	0.0	6.0	0.0
3	95173045	95173046	1			1533.0	0.0	1315.0	0.0	6.0	0.0
3	95173052	95173053	1			1563.0	0.0	1354.0	0.0	6.0	0.0
3	95173055	95173056	1			1555.0	0.0	1331.0	0.0	6.0	0.0
3	95173076	95173077	1			1569.0	0.0	1349.0	0.0	6.0	0.0
3	95173166	95173167	1			1421.0	0.0	1206.0	0.0	3.0	0.0
3	95173171	95173172	1			1422.0	0.0	1198.0	0.0	3.0	0.0
3	95173181	95173182	1			1383.0	0.0	1172.0	0.0	3.0	0.0
3	95173187	95173188	1			1373.0	0.0	1166.0	0.0	3.0	0.0
3	95173302	95173303	1			1319.0	0.0	1133.0	0.0	6.0	0.0
3	95173313	95173314	1			1353.0	0.0	1151.0	0.0	5.0	0.0
3	95173318	95173319	1			1339.0	0.0	1123.0	0.0	5.0	0.0
3	95173328	95173329	1			1356.0	0.0	1150.0	0.0	4.0	0.0
3	95173340	95173341	1			1369.0	0.0	1131.0	0.0	4.0	0.0
3	95173504	95173505	1			1394.0	0.0	1067.0	0.0	7.0	0.0
3	95530366	95530367	1			1149.0	0.0	901.0	0.0	6.0	0.0
3	98991488	98991489	1			1535.0	0.0	1251.0	0.0	8.0	0.0
3	100395083	100395084	1			1291.0	0.0	1044.0	0.0	8.0	0.0
3	101367450	101367451	1			1376.0	0.0	1141.0	0.0	7.0	0.0
3	124320980	124320981	1			1634.0	0.0	1356.0	0.0	9.0	0.0
3	124320988	124320989	1			1620.0	0.0	1355.0	0.0	9.0	0.0
3	124321088	124321089	1			1772.0	0.0	1547.0	0.0	7.0	0.0
3	124321111	124321112	1			1804.0	0.0	1566.0	0.0	6.0	0.0
3	124321130	124321131	1			1756.0	0.0	1540.0	0.0	5.0	0.0
3	124321261	124321262	1			1734.0	0.0	1477.0	0.0	9.0	0.0
3	124321263	124321264	1			1736.0	0.0	1482.0	0.0	9.0	0.0
3	127123714	127123715	1			1563.0	0.0	1325.0	0.0	4.0	0.0
3	132871461	132871462	1			2054.0	0.0	1776.0	0.0	9.0	0.0
3	135698636	135698637	1			2175.0	0.0	1722.0	0.0	9.0	0.0
3	137827749	137827750	1			1421.0	0.0	1148.0	0.0	7.0	0.0
3	138644699	138644700	1			1353.0	0.0	1091.0	0.0	7.0	0.0
3	148918425	148918426	1			1873.0	0.0	1504.0	0.0	5.0	0.0
3	158561353	158561354	1			1057.0	0.0	882.0	0.0	4.0	0.0
3	158561360	158561361	1			1099.0	0.0	899.0	0.0	4.0	0.0
3	158561364	158561365	1			1095.0	0.0	912.0	0.0	4.0	0.0
3	158561373	158561374	1			1117.0	0.0	937.0	0.0	4.0	0.0
3	158561376	158561377	1			1123.0	0.0	936.0	0.0	5.0	0.0
3	158561378	158561379	1			1118.0	0.0	942.0	0.0	5.0	0.0
3	158561384	158561385	1			1108.0	0.0	934.0	0.0	5.0	0.0
3	158561388	158561389	1			1100.0	0.0	925.0	0.0	5.0	0.0
4	8939035	8939036	1			1757.0	0.0	1401.0	0.0	7.0	0.0
4	25799668	25799669	1			1169.0	0.0	970.0	0.0	3.0	0.0
4	25799685	25799686	1			1154.0	0.0	949.0	0.0	2.0	0.0
4	25799805	25799806	1			703.0	0.0	575.0	0.0	2.0	0.0
4	25799813	25799814	1			660.0	0.0	541.0	0.0	2.0	0.0
4	32165321	32165322	1			1710.0	0.0	1435.0	0.0	7.0	0.0
4	43425437	43425438	1			2103.0	0.0	1749.0	0.0	8.0	0.0
4	43632236	43632237	1			1770.0	0.0	1562.0	0.0	6.0	0.0
4	43632367	43632368	1			1960.0	0.0	1668.0	0.0	5.0	0.0
4	43632400	43632401	1			1948.0	0.0	1644.0	0.0	5.0	0.0
4	45846901	45846902	1			1899.0	0.0	1578.0	0.0	2.0	0.0
4	46343917	46343918	1			1135.0	0.0	947.0	0.0	5.0	0.0
4	46344139	46344140	1			700.0	0.0	588.0	0.0	2.0	0.0
4	46344273	46344274	1			908.0	0.0	772.0	0.0	4.0	0.0
4	46344276	46344277	1			916.0	0.0	788.0	0.0	4.0	0.0
4	53264088	53264089	1			1606.0	0.0	1280.0	0.0	8.0	0.0
4	58206296	58206297	1			1306.0	0.0	1096.0	0.0	5.0	0.0
4	62625798	62625799	1			2076.0	0.0	1688.0	0.0	2.0	0.0
4	63256946	63256947	1			1768.0	0.0	1467.0	0.0	9.0	0.0
4	74013920	74013921	1			1321.0	0.0	1056.0	0.0	9.0	0.0
4	76449539	76449540	1			1346.0	0.0	1076.0	0.0	4.0	0.0
4	76449545	76449546	1			1358.0	0.0	1093.0	0.0	4.0	0.0
4	76449811	76449812	1			1234.0	0.0	1078.0	0.0	7.0	0.0
4	76449815	76449816	1			1235.0	0.0	1061.0	0.0	7.0	0.0
4	76449820	76449821	1			1248.0	0.0	1072.0	0.0	7.0	0.0
4	76449927	76449928	1			960.0	0.0	836.0	0.0	3.0	0.0
4	76449945	76449946	1			923.0	0.0	788.0	0.0	3.0	0.0
4	76449947	76449948	1			924.0	0.0	788.0	0.0	3.0	0.0
4	76449949	76449950	1			929.0	0.0	797.0	0.0	3.0	0.0
4	76449951	76449952	1			922.0	0.0	792.0	0.0	3.0	0.0
4	76449960	76449961	1			912.0	0.0	781.0	0.0	3.0	0.0
4	76450474	76450475	1			1410.0	0.0	1153.0	0.0	1.0	0.0
4	78212176	78212177	1			940.0	0.0	811.0	0.0	4.0	0.0
4	78212190	78212191	1			952.0	0.0	821.0	0.0	4.0	0.0
4	78212204	78212205	1			968.0	0.0	840.0	0.0	4.0	0.0
4	81442919	81442920	1			1020.0	0.0	847.0	0.0	2.0	0.0
4	81442935	81442936	1			1095.0	0.0	880.0	0.0	2.0	0.0
4	81442938	81442939	1			1109.0	0.0	891.0	0.0	2.0	0.0
4	83285066	83285067	1			1610.0	0.0	1257.0	0.0	6.0	0.0
4	83512415	83512416	1			1620.0	0.0	1294.0	0.0	9.0	0.0
4	83512420	83512421	1			1626.0	0.0	1293.0	0.0	8.0	0.0
4	83512457	83512458	1			1593.0	0.0	1267.0	0.0	5.0	0.0
4	91400608	91400609	1			920.0	0.0	733.0	0.0	1.0	0.0
4	99653663	99653664	1			1531.0	0.0	1233.0	0.0	10.0	0.0
4	99656957	99656958	1			1217.0	0.0	1052.0	0.0	5.0	0.0
4	99656966	99656967	1			1246.0	0.0	1079.0	0.0	5.0	0.0
4	99657098	99657099	1			1511.0	0.0	1269.0	0.0	3.0	0.0
4	99657114	99657115	1			1522.0	0.0	1275.0	0.0	3.0	0.0
4	99657129	99657130	1			1388.0	0.0	1154.0	0.0	3.0	0.0
4	105175579	105175580	1			1838.0	0.0	1521.0	0.0	4.0	0.0
4	105175583	105175584	1			1851.0	0.0	1523.0	0.0	3.0	0.0
4	105175587	105175588	1			1743.0	0.0	1450.0	0.0	4.0	0.0
4	109974787	109974788	1			1627.0	0.0	1410.0	0.0	6.0	0.0
4	114912872	114912873	1			1558.0	0.0	1229.0	0.0	6.0	0.0
4	114912894	114912895	1			1547.0	0.0	1199.0	0.0	6.0	0.0
4	114912901	114912902	1			1539.0	0.0	1184.0	0.0	5.0	0.0
4	117749676	117749677	1			993.0	0.0	814.0	0.0	3.0	0.0
4	120304702	120304703	1			1456.0	0.0	1220.0	0.0	5.0	0.0
4	120369702	120369703	1			1610.0	0.0	1324.0	0.0	2.0	0.0
4	123105030	123105031	1			1141.0	0.0	885.0	0.0	5.0	0.0
4	123105166	123105167	1			1560.0	0.0	1267.0	0.0	3.0	0.0
4	123105343	123105344	1			1474.0	0.0	1214.0	0.0	2.0	0.0
4	123105398	123105399	1			1475.0	0.0	1228.0	0.0	1.0	0.0
4	123105407	123105408	1			1496.0	0.0	1240.0	0.0	3.0	0.0
4	123105410	123105411	1			1490.0	0.0	1239.0	0.0	3.0	0.0
4	123105471	123105472	1			1444.0	0.0	1183.0	0.0	2.0	0.0
4	123105473	123105474	1			1429.0	0.0	1180.0	0.0	2.0	0.0
4	123105492	123105493	1			1417.0	0.0	1163.0	0.0	2.0	0.0
4	124594956	124594957	1			892.0	0.0	689.0	0.0	4.0	0.0
4	127419212	127419213	1			1334.0	0.0	1096.0	0.0	4.0	0.0
4	127971649	127971650	1			1086.0	0.0	869.0	0.0	6.0	0.0
4	129020517	129020518	1			1902.0	0.0	1649.0	0.0	6.0	0.0
4	130037399	130037400	1			1843.0	0.0	1560.0	0.0	9.0	0.0
4	131916023	131916024	1			1094.0	0.0	856.0	0.0	4.0	0.0
4	131916035	131916036	1			1210.0	0.0	946.0	0.0	5.0	0.0
4	131916207	131916208	1			2213.0	0.0	1792.0	0.0	8.0	0.0
4	132181860	132181861	1			1480.0	0.0	1231.0	0.0	4.0	0.0
4	133579872	133579873	1			1509.0	0.0	1190.0	0.0	3.0	0.0
4	134402500	134402501	1			1617.0	0.0	1352.0	0.0	7.0	0.0
4	134402541	134402542	1			1635.0	0.0	1349.0	0.0	5.0	0.0
4	134407525	134407526	1			2368.0	0.0	2020.0	0.0	11.0	0.0
4	135155356	135155357	1			1132.0	0.0	879.0	0.0	3.0	0.0
4	136234385	136234386	1			1821.0	0.0	1418.0	0.0	7.0	0.0
4	137189526	137189527	1			1610.0	0.0	1279.0	0.0	4.0	0.0
4	138453300	138453301	1			1039.0	0.0	789.0	0.0	4.0	0.0
4	140658270	140658271	1			1692.0	0.0	1423.0	0.0	7.0	0.0
4	140661773	140661774	1			1398.0	0.0	1160.0	0.0	8.0	0.0
4	140661777	140661778	1			1392.0	0.0	1154.0	0.0	8.0	0.0
4	140661781	140661782	1			1398.0	0.0	1152.0	0.0	8.0	0.0
4	140661785	140661786	1			1392.0	0.0	1146.0	0.0	8.0	0.0
4	140661789	140661790	1			1395.0	0.0	1141.0	0.0	8.0	0.0
4	140661793	140661794	1			1391.0	0.0	1149.0	0.0	6.0	0.0
4	140661950	140661951	1			1604.0	0.0	1302.0	0.0	8.0	0.0
4	140750337	140750338	1			1650.0	0.0	1429.0	0.0	5.0	0.0
4	140750464	140750465	1			1645.0	0.0	1429.0	0.0	4.0	0.0
4	140750480	140750481	1			1665.0	0.0	1435.0	0.0	4.0	0.0
4	140750534	140750535	1			1421.0	0.0	1226.0	0.0	3.0	0.0
4	140750545	140750546	1			1456.0	0.0	1288.0	0.0	5.0	0.0
4	140750679	140750680	1			1522.0	0.0	1308.0	0.0	2.0	0.0
4	140750714	140750715	1			1473.0	0.0	1264.0	0.0	4.0	0.0
4	142095587	142095588	1			1486.0	0.0	1215.0	0.0	9.0	0.0
4	146067279	146067280	1			2023.0	0.0	1599.0	0.0	6.0	0.0
4	146067697	146067698	1			1862.0	0.0	1485.0	0.0	8.0	0.0
4	146067706	146067707	1			1909.0	0.0	1508.0	0.0	8.0	0.0
4	146067783	146067784	1			1993.0	0.0	1578.0	0.0	9.0	0.0
4	146067790	146067791	1			1922.0	0.0	1535.0	0.0	8.0	0.0
4	146475324	146475325	1			2215.0	0.0	1664.0	0.0	4.0	0.0
4	147275538	147275539	1			3016.0	0.0	2325.0	0.0	12.0	0.0
4	147275542	147275543	1			2993.0	0.0	2293.0	0.0	12.0	0.0
4	147276021	147276022	1			2184.0	0.0	1738.0	0.0	3.0	0.0
4	147276023	147276024	1			2176.0	0.0	1725.0	0.0	3.0	0.0
4	147738779	147738780	1			1884.0	0.0	1521.0	0.0	7.0	0.0
4	148070112	148070113	1			1753.0	0.0	1458.0	0.0	7.0	0.0
4	148952382	148952383	1			1318.0	0.0	1121.0	0.0	4.0	0.0
4	148952391	148952392	1			1333.0	0.0	1137.0	0.0	4.0	0.0
4	148952689	148952690	1			1097.0	0.0	967.0	0.0	3.0	0.0
4	148952695	148952696	1			1073.0	0.0	939.0	0.0	2.0	0.0
4	148952705	148952706	1			1067.0	0.0	947.0	0.0	3.0	0.0
4	152375020	152375021	1			1081.0	0.0	899.0	0.0	3.0	0.0
4	152375120	152375121	1			1498.0	0.0	1210.0	0.0	10.0	0.0
4	154641327	154641328	1			1730.0	0.0	1365.0	0.0	4.0	0.0
4	155345572	155345573	1			1436.0	0.0	1130.0	0.0	6.0	0.0
4	156234042	156234043	1			2097.0	0.0	1752.0	0.0	6.0	0.0
4	156234058	156234059	1			2173.0	0.0	1839.0	0.0	5.0	0.0
4	156234071	156234072	1			2127.0	0.0	1798.0	0.0	6.0	0.0
5	3193814	3193815	1			1770.0	0.0	1423.0	0.0	13.0	0.0
5	14025270	14025271	1			1086.0	0.0	851.0	0.0	1.0	0.0
5	15935471	15935472	1			1337.0	0.0	1104.0	0.0	2.0	0.0
5	21373040	21373041	1			1799.0	0.0	1464.0	0.0	7.0	0.0
5	24383330	24383331	1			1955.0	0.0	1653.0	0.0	7.0	0.0
5	27261779	27261780	1			1531.0	0.0	1278.0	0.0	7.0	0.0
5	34322813	34322814	1			2208.0	0.0	1750.0	0.0	7.0	0.0
5	36252140	36252141	1			1739.0	0.0	1301.0	0.0	6.0	0.0
5	37890722	37890723	1			1562.0	0.0	1298.0	0.0	5.0	0.0
5	50034059	50034060	1			1903.0	0.0	1650.0	0.0	10.0	0.0
5	64045677	64045678	1			720.0	0.0	595.0	0.0	0.0	0.0
5	69340452	69340453	1			1787.0	0.0	1463.0	0.0	5.0	0.0
5	69341468	69341469	1			1273.0	0.0	1098.0	0.0	5.0	0.0
5	69341606	69341607	1			744.0	0.0	579.0	0.0	3.0	0.0
5	71095917	71095918	1			912.0	0.0	757.0	0.0	1.0	0.0
5	72219795	72219796	1			2068.0	0.0	1676.0	0.0	11.0	0.0
5	73538999	73539000	1			1740.0	0.0	1409.0	0.0	2.0	0.0
5	73649677	73649678	1			0.0	0.0	0.0	0.0	1.0	0.0
5	75922099	75922100	1			1586.0	0.0	1277.0	0.0	4.0	0.0
5	77532700	77532701	1			1566.0	0.0	1294.0	0.0	3.0	0.0
5	81020087	81020088	1			208.0	0.0	143.0	0.0	0.0	0.0
5	81021813	81021814	1			1329.0	0.0	1112.0	0.0	5.0	0.0
5	81022128	81022129	1			1671.0	0.0	1437.0	0.0	7.0	0.0
5	84416486	84416487	1			1249.0	0.0	1004.0	0.0	3.0	0.0
5	86793012	86793013	1			1734.0	0.0	1432.0	0.0	13.0	0.0
5	89882480	89882481	1			797.0	0.0	668.0	0.0	6.0	0.0
5	89882485	89882486	1			805.0	0.0	670.0	0.0	6.0	0.0
5	89882568	89882569	1			776.0	0.0	639.0	0.0	4.0	0.0
5	92928120	92928121	1			1713.0	0.0	1381.0	0.0	11.0	0.0
5	97935757	97935758	1			1590.0	0.0	1318.0	0.0	7.0	0.0
5	101765662	101765663	1			1095.0	0.0	927.0	0.0	1.0	0.0
5	101765668	101765669	1			1101.0	0.0	937.0	0.0	1.0	0.0
5	101765744	101765745	1			1398.0	0.0	1190.0	0.0	2.0	0.0
5	101765788	101765789	1			1070.0	0.0	914.0	0.0	3.0	0.0
5	101826817	101826818	1			1429.0	0.0	1066.0	0.0	4.0	0.0
5	105792837	105792838	1			2175.0	0.0	1860.0	0.0	7.0	0.0
5	111229233	111229234	1			1872.0	0.0	1514.0	0.0	10.0	0.0
5	111418846	111418847	1			1781.0	0.0	1375.0	0.0	4.0	0.0
5	111419226	111419227	1			1519.0	0.0	1285.0	0.0	3.0	0.0
5	111419262	111419263	1			1782.0	0.0	1496.0	0.0	6.0	0.0
5	111419268	111419269	1			1815.0	0.0	1535.0	0.0	5.0	0.0
5	111419353	111419354	1			2083.0	0.0	1800.0	0.0	10.0	0.0
5	111419369	111419370	1			2083.0	0.0	1799.0	0.0	10.0	0.0
5	111419488	111419489	1			2033.0	0.0	1659.0	0.0	10.0	0.0
5	111419502	111419503	1			2034.0	0.0	1656.0	0.0	9.0	0.0
5	111419504	111419505	1			2022.0	0.0	1640.0	0.0	9.0	0.0
5	111419939	111419940	1			1939.0	0.0	1643.0	0.0	5.0	0.0
5	111419941	111419942	1			1932.0	0.0	1650.0	0.0	5.0	0.0
5	111419953	111419954	1			1881.0	0.0	1634.0	0.0	5.0	0.0
5	111420067	111420068	1			1864.0	0.0	1617.0	0.0	7.0	0.0
5	111420070	111420071	1			1903.0	0.0	1645.0	0.0	7.0	0.0
5	111420072	111420073	1			1926.0	0.0	1663.0	0.0	8.0	0.0
5	111420081	111420082	1			1920.0	0.0	1647.0	0.0	8.0	0.0
5	111420096	111420097	1			1895.0	0.0	1625.0	0.0	7.0	0.0
5	111420100	111420101	1			1914.0	0.0	1655.0	0.0	7.0	0.0
5	111420202	111420203	1			1908.0	0.0	1629.0	0.0	10.0	0.0
5	111420213	111420214	1			1869.0	0.0	1590.0	0.0	10.0	0.0
5	111420217	111420218	1			1855.0	0.0	1565.0	0.0	10.0	0.0
5	112979308	112979309	1			1698.0	0.0	1396.0	0.0	3.0	0.0
5	114127491	114127492	1			1837.0	0.0	1491.0	0.0	8.0	0.0
5	115208111	115208112	1			529.0	0.0	368.0	0.0	2.0	0.0
5	115533582	115533583	1			2233.0	0.0	1760.0	0.0	7.0	0.0
5	116591634	116591635	1			491.0	0.0	389.0	0.0	2.0	0.0
5	117308078	117308079	1			1334.0	0.0	1086.0	0.0	7.0	0.0
5	117593516	117593517	1			1497.0	0.0	1225.0	0.0	4.0	0.0
5	120462994	120462995	1			734.0	0.0	602.0	0.0	4.0	0.0
5	120463254	120463255	1			1182.0	0.0	917.0	0.0	6.0	0.0
5	120579817	120579818	1			2576.0	0.0	2162.0	0.0	12.0	0.0
5	122950716	122950717	1			1247.0	0.0	1087.0	0.0	3.0	0.0
5	125403866	125403867	1			2039.0	0.0	1626.0	0.0	3.0	0.0
5	125918109	125918110	1			1590.0	0.0	1290.0	0.0	6.0	0.0
5	128601886	128601887	1			1708.0	0.0	1371.0	0.0	7.0	0.0
5	129155543	129155544	1			944.0	0.0	751.0	0.0	2.0	0.0
5	131307390	131307391	1			565.0	0.0	467.0	0.0	0.0	0.0
5	131307485	131307486	1			1203.0	0.0	1032.0	0.0	2.0	0.0
5	131307529	131307530	1			1384.0	0.0	1208.0	0.0	3.0	0.0
5	131307602	131307603	1			1469.0	0.0	1288.0	0.0	5.0	0.0
5	131537080	131537081	1			1246.0	0.0	1005.0	0.0	7.0	0.0
5	131537549	131537550	1			642.0	0.0	539.0	0.0	3.0	0.0
5	131538133	131538134	1			820.0	0.0	680.0	0.0	7.0	0.0
5	131538140	131538141	1			809.0	0.0	674.0	0.0	7.0	0.0
5	131538153	131538154	1			794.0	0.0	656.0	0.0	7.0	0.0
5	131538167	131538168	1			721.0	0.0	588.0	0.0	7.0	0.0
5	135022223	135022224	1			1754.0	0.0	1361.0	0.0	7.0	0.0
5	135022237	135022238	1			1795.0	0.0	1375.0	0.0	6.0	0.0
5	135022262	135022263	1			1673.0	0.0	1277.0	0.0	4.0	0.0
5	135022268	135022269	1			1621.0	0.0	1236.0	0.0	4.0	0.0
5	137091163	137091164	1			2159.0	0.0	1759.0	0.0	6.0	0.0
5	137310258	137310259	1			1459.0	0.0	1198.0	0.0	6.0	0.0
5	142963620	142963621	1			1126.0	0.0	911.0	0.0	7.0	0.0
5	143253193	143253194	1			1473.0	0.0	1221.0	0.0	4.0	0.0
5	146461780	146461781	1			1474.0	0.0	1211.0	0.0	7.0	0.0
5	148809376	148809377	1			1683.0	0.0	1356.0	0.0	4.0	0.0
5	150599707	150599708	1			1590.0	0.0	1382.0	0.0	3.0	0.0
6	6299369	6299370	1			1860.0	0.0	1521.0	0.0	8.0	0.0
6	8957108	8957109	1			1478.0	0.0	1269.0	0.0	5.0	0.0
6	23247720	23247721	1			1267.0	0.0	1020.0	0.0	5.0	0.0
6	25690151	25690152	1			1205.0	0.0	936.0	0.0	4.0	0.0
6	25690201	25690202	1			1296.0	0.0	1005.0	0.0	7.0	0.0
6	28114365	28114366	1			2055.0	0.0	1700.0	0.0	10.0	0.0
6	29496474	29496475	1			1425.0	0.0	1202.0	0.0	3.0	0.0
6	31208190	31208191	1			1720.0	0.0	1400.0	0.0	13.0	0.0
6	31613185	31613186	1			1832.0	0.0	1554.0	0.0	7.0	0.0
6	51012356	51012357	1			1574.0	0.0	1245.0	0.0	4.0	0.0
6	57929686	57929687	1			1371.0	0.0	1121.0	0.0	8.0	0.0
6	63257364	63257365	1			1144.0	0.0	944.0	0.0	4.0	0.0
6	63257475	63257476	1			1106.0	0.0	921.0	0.0	4.0	0.0
6	63257484	63257485	1			1119.0	0.0	933.0	0.0	4.0	0.0
6	63257495	63257496	1			1018.0	0.0	862.0	0.0	3.0	0.0
6	72676083	72676084	1			1798.0	0.0	1559.0	0.0	6.0	0.0
6	82091890	82091891	1			1618.0	0.0	1328.0	0.0	8.0	0.0
6	83135560	83135561	1			2100.0	0.0	1690.0	0.0	9.0	0.0
6	83161434	83161435	1			2348.0	0.0	1897.0	0.0	8.0	0.0
6	83161570	83161571	1			2043.0	0.0	1703.0	0.0	8.0	0.0
6	83161660	83161661	1			2000.0	0.0	1611.0	0.0	12.0	0.0
6	83161669	83161670	1			1955.0	0.0	1565.0	0.0	12.0	0.0
6	83161684	83161685	1			1759.0	0.0	1415.0	0.0	11.0	0.0
6	83161925	83161926	1			1896.0	0.0	1587.0	0.0	9.0	0.0
6	83161927	83161928	1			1909.0	0.0	1592.0	0.0	9.0	0.0
6	83702581	83702582	1			1196.0	0.0	963.0	0.0	6.0	0.0
6	84266818	84266819	1			1585.0	0.0	1277.0	0.0	6.0	0.0
6	86505758	86505759	1			1927.0	0.0	1594.0	0.0	6.0	0.0
6	88019697	88019698	1			1251.0	0.0	1017.0	0.0	1.0	0.0
6	88194839	88194840	1			1646.0	0.0	1412.0	0.0	3.0	0.0
6	88197447	88197448	1			1350.0	0.0	1086.0	0.0	7.0	0.0
6	88200056	88200057	1			1415.0	0.0	1135.0	0.0	3.0	0.0
6	88200141	88200142	1			1408.0	0.0	1171.0	0.0	3.0	0.0
6	88242707	88242708	1			1354.0	0.0	1048.0	0.0	7.0	0.0
6	90550208	90550209	1			2260.0	0.0	1816.0	0.0	6.0	0.0
6	90550611	90550612	1			1656.0	0.0	1395.0	0.0	13.0	0.0
6	90550751	90550752	1			1309.0	0.0	1115.0	0.0	7.0	0.0
6	94281701	94281702	1			1772.0	0.0	1421.0	0.0	5.0	0.0
6	94283879	94283880	1			843.0	0.0	672.0	0.0	1.0	0.0
6	94283886	94283887	1			833.0	0.0	665.0	0.0	1.0	0.0
6	94283896	94283897	1			807.0	0.0	635.0	0.0	0.0	0.0
6	105677846	105677847	1			1315.0	0.0	1038.0	0.0	5.0	0.0
6	110645864	110645865	1			882.0	0.0	737.0	0.0	5.0	0.0
6	110645892	110645893	1			1081.0	0.0	907.0	0.0	7.0	0.0
6	110645953	110645954	1			916.0	0.0	757.0	0.0	6.0	0.0
6	110645962	110645963	1			892.0	0.0	750.0	0.0	6.0	0.0
6	110645964	110645965	1			885.0	0.0	744.0	0.0	5.0	0.0
6	110645966	110645967	1			876.0	0.0	728.0	0.0	5.0	0.0
6	114738433	114738434	1			1313.0	0.0	1085.0	0.0	5.0	0.0
6	114738601	114738602	1			1364.0	0.0	1156.0	0.0	3.0	0.0
6	122609506	122609507	1			1128.0	0.0	926.0	0.0	4.0	0.0
6	122609508	122609509	1			1137.0	0.0	940.0	0.0	4.0	0.0
6	122609523	122609524	1			1182.0	0.0	973.0	0.0	3.0	0.0
6	122609544	122609545	1			1184.0	0.0	954.0	0.0	5.0	0.0
6	125410705	125410706	1			2109.0	0.0	1787.0	0.0	8.0	0.0
6	129451759	129451760	1			1933.0	0.0	1615.0	0.0	10.0	0.0
6	134388730	134388731	1			838.0	0.0	712.0	0.0	4.0	0.0
6	134388746	134388747	1			912.0	0.0	769.0	0.0	4.0	0.0
6	142702087	142702088	1			1741.0	0.0	1406.0	0.0	5.0	0.0
6	145710152	145710153	1			1481.0	0.0	1199.0	0.0	5.0	0.0
7	4845027	4845028	1			1050.0	0.0	855.0	0.0	3.0	0.0
7	4845044	4845045	1			1144.0	0.0	951.0	0.0	4.0	0.0
7	4845117	4845118	1			1411.0	0.0	1139.0	0.0	4.0	0.0
7	4845135	4845136	1			1343.0	0.0	1063.0	0.0	4.0	0.0
7	16912563	16912564	1			2203.0	0.0	1744.0	0.0	9.0	0.0
7	19021066	19021067	1			1518.0	0.0	1255.0	0.0	6.0	0.0
7	19118261	19118262	1			1651.0	0.0	1385.0	0.0	6.0	0.0
7	19118266	19118267	1			1650.0	0.0	1384.0	0.0	5.0	0.0
7	19118268	19118269	1			1652.0	0.0	1386.0	0.0	5.0	0.0
7	19118270	19118271	1			1639.0	0.0	1371.0	0.0	5.0	0.0
7	19118279	19118280	1			1603.0	0.0	1330.0	0.0	5.0	0.0
7	19118443	19118444	1			1588.0	0.0	1300.0	0.0	4.0	0.0
7	19118464	19118465	1			1550.0	0.0	1259.0	0.0	5.0	0.0
7	19118474	19118475	1			1488.0	0.0	1225.0	0.0	6.0	0.0
7	19118476	19118477	1			1507.0	0.0	1232.0	0.0	6.0	0.0
7	19734468	19734469	1			2179.0	0.0	1786.0	0.0	7.0	0.0
7	19852224	19852225	1			1604.0	0.0	1318.0	0.0	3.0	0.0
7	27488117	27488118	1			1140.0	0.0	920.0	0.0	5.0	0.0
7	27657781	27657782	1			1926.0	0.0	1552.0	0.0	2.0	0.0
7	27657807	27657808	1			2043.0	0.0	1648.0	0.0	2.0	0.0
7	27657930	27657931	1			1746.0	0.0	1425.0	0.0	7.0	0.0
7	27657945	27657946	1			1698.0	0.0	1391.0	0.0	6.0	0.0
7	27657955	27657956	1			1623.0	0.0	1338.0	0.0	5.0	0.0
7	27658182	27658183	1			1540.0	0.0	1320.0	0.0	9.0	0.0
7	28732600	28732601	1			1473.0	0.0	1207.0	0.0	7.0	0.0
7	28732605	28732606	1			1497.0	0.0	1222.0	0.0	7.0	0.0
7	28732607	28732608	1			1502.0	0.0	1225.0	0.0	7.0	0.0
7	28732649	28732650	1			1547.0	0.0	1250.0	0.0	9.0	0.0
7	28732842	28732843	1			1272.0	0.0	1065.0	0.0	6.0	0.0
7	34647299	34647300	1			1949.0	0.0	1625.0	0.0	4.0	0.0
7	37624398	37624399	1			1114.0	0.0	862.0	0.0	0.0	0.0
7	37624410	37624411	1			1095.0	0.0	862.0	0.0	0.0	0.0
7	37624416	37624417	1			1078.0	0.0	846.0	0.0	0.0	0.0
7	44697206	44697207	1			1514.0	0.0	1292.0	0.0	7.0	0.0
7	44697209	44697210	1			1515.0	0.0	1300.0	0.0	7.0	0.0
7	44697236	44697237	1			1695.0	0.0	1442.0	0.0	7.0	0.0
7	44697263	44697264	1			1554.0	0.0	1325.0	0.0	7.0	0.0
7	45405500	45405501	1			1700.0	0.0	1396.0	0.0	7.0	0.0
7	49348555	49348556	1			1982.0	0.0	1606.0	0.0	7.0	0.0
7	51511339	51511340	1			1092.0	0.0	893.0	0.0	4.0	0.0
7	58836954	58836955	1			2114.0	0.0	1810.0	0.0	4.0	0.0
7	58836972	58836973	1			2211.0	0.0	1885.0	0.0	4.0	0.0
7	58836988	58836989	1			2337.0	0.0	1993.0	0.0	5.0	0.0
7	58836996	58836997	1			2329.0	0.0	1993.0	0.0	7.0	0.0
7	58837119	58837120	1			1969.0	0.0	1663.0	0.0	4.0	0.0
7	70361446	70361447	1			777.0	0.0	635.0	0.0	1.0	0.0
7	70361584	70361585	1			980.0	0.0	745.0	0.0	5.0	0.0
7	70361619	70361620	1			850.0	0.0	659.0	0.0	4.0	0.0
7	70362076	70362077	1			1301.0	0.0	1070.0	0.0	5.0	0.0
7	80081360	80081361	1			1892.0	0.0	1570.0	0.0	3.0	0.0
7	80845973	80845974	1			1468.0	0.0	1140.0	0.0	3.0	0.0
7	81453980	81453981	1			745.0	0.0	596.0	0.0	4.0	0.0
7	81858544	81858545	1			1682.0	0.0	1364.0	0.0	12.0	0.0
7	97549477	97549478	1			1776.0	0.0	1456.0	0.0	7.0	0.0
7	99510167	99510168	1			1464.0	0.0	1226.0	0.0	6.0	0.0
7	99535752	99535753	1			1378.0	0.0	1226.0	0.0	5.0	0.0
7	99535877	99535878	1			1755.0	0.0	1539.0	0.0	9.0	0.0
7	99539905	99539906	1			996.0	0.0	830.0	0.0	3.0	0.0
7	99594858	99594859	1			1533.0	0.0	1305.0	0.0	5.0	0.0
7	102106941	102106942	1			1270.0	0.0	1036.0	0.0	7.0	0.0
7	115379727	115379728	1			1637.0	0.0	1339.0	0.0	8.0	0.0
7	115379735	115379736	1			1687.0	0.0	1366.0	0.0	8.0	0.0
7	115379765	115379766	1			1695.0	0.0	1371.0	0.0	6.0	0.0
7	118596475	118596476	1			1958.0	0.0	1583.0	0.0	10.0	0.0
7	118596492	118596493	1			2107.0	0.0	1691.0	0.0	10.0	0.0
7	118596514	118596515	1			2048.0	0.0	1648.0	0.0	8.0	0.0
7	126799960	126799961	1			1864.0	0.0	1537.0	0.0	7.0	0.0
7	127136110	127136111	1			1434.0	0.0	1142.0	0.0	9.0	0.0
7	128182014	128182015	1			1029.0	0.0	805.0	0.0	5.0	0.0
7	133124588	133124589	1			1569.0	0.0	1311.0	0.0	5.0	0.0
7	133124620	133124621	1			1713.0	0.0	1429.0	0.0	7.0	0.0
7	133124626	133124627	1			1691.0	0.0	1421.0	0.0	7.0	0.0
7	133124788	133124789	1			1642.0	0.0	1422.0	0.0	5.0	0.0
7	134225008	134225009	1			1198.0	0.0	993.0	0.0	1.0	0.0
7	134225018	134225019	1			1258.0	0.0	1047.0	0.0	1.0	0.0
7	134225114	134225115	1			1292.0	0.0	1090.0	0.0	3.0	0.0
7	134225139	134225140	1			1317.0	0.0	1106.0	0.0	4.0	0.0
7	137317372	137317373	1			2006.0	0.0	1708.0	0.0	12.0	0.0
7	138397946	138397947	1			1514.0	0.0	1283.0	0.0	7.0	0.0
7	138398058	138398059	1			1632.0	0.0	1411.0	0.0	7.0	0.0
7	140915648	140915649	1			1936.0	0.0	1535.0	0.0	15.0	0.0
7	142664387	142664388	1			823.0	0.0	572.0	0.0	3.0	0.0
7	143475921	143475922	1			2008.0	0.0	1682.0	0.0	10.0	0.0
7	143475960	143475961	1			2041.0	0.0	1722.0	0.0	9.0	0.0
7	143476101	143476102	1			1773.0	0.0	1495.0	0.0	7.0	0.0
8	4205994	4205995	1			1667.0	0.0	1448.0	0.0	6.0	0.0
8	8969102	8969103	1			1461.0	0.0	1182.0	0.0	3.0	0.0
8	8969121	8969122	1			1529.0	0.0	1235.0	0.0	4.0	0.0
8	8969126	8969127	1			1527.0	0.0	1229.0	0.0	4.0	0.0
8	8969146	8969147	1			1469.0	0.0	1176.0	0.0	5.0	0.0
8	11356829	11356830	1			2144.0	0.0	1672.0	0.0	6.0	0.0
8	12390001	12390002	1			1302.0	0.0	1049.0	0.0	3.0	0.0
8	17534993	17534994	1			1182.0	0.0	1037.0	0.0	6.0	0.0
8	17535333	17535334	1			353.0	0.0	290.0	0.0	0.0	0.0
8	17535349	17535350	1			352.0	0.0	277.0	0.0	0.0	0.0
8	17535540	17535541	1			941.0	0.0	764.0	0.0	3.0	0.0
8	17535542	17535543	1			951.0	0.0	770.0	0.0	3.0	0.0
8	22811284	22811285	1			1450.0	0.0	1186.0	0.0	1.0	0.0
8	23043941	23043942	1			1512.0	0.0	1267.0	0.0	7.0	0.0
8	25027830	25027831	1			2093.0	0.0	1856.0	0.0	3.0	0.0
8	25027972	25027973	1			2276.0	0.0	1959.0	0.0	7.0	0.0
8	25027992	25027993	1			2124.0	0.0	1823.0	0.0	7.0	0.0
8	25098297	25098298	1			1811.0	0.0	1515.0	0.0	8.0	0.0
8	34810101	34810102	1			2426.0	0.0	2115.0	0.0	12.0	0.0
8	34810240	34810241	1			2573.0	0.0	2182.0	0.0	11.0	0.0
8	35588987	35588988	1			1633.0	0.0	1352.0	0.0	6.0	0.0
8	35589003	35589004	1			1642.0	0.0	1344.0	0.0	5.0	0.0
8	47352471	47352472	1			1409.0	0.0	1109.0	0.0	5.0	0.0
8	48555035	48555036	1			1349.0	0.0	1169.0	0.0	2.0	0.0
8	48555054	48555055	1			1447.0	0.0	1262.0	0.0	3.0	0.0
8	48555065	48555066	1			1427.0	0.0	1235.0	0.0	5.0	0.0
8	48555165	48555166	1			1571.0	0.0	1379.0	0.0	5.0	0.0
8	48555171	48555172	1			1505.0	0.0	1329.0	0.0	5.0	0.0
8	48555184	48555185	1			1468.0	0.0	1280.0	0.0	5.0	0.0
8	48555346	48555347	1			1118.0	0.0	970.0	0.0	6.0	0.0
8	48843046	48843047	1			836.0	0.0	692.0	0.0	1.0	0.0
8	61283939	61283940	1			1798.0	0.0	1447.0	0.0	6.0	0.0
8	69881409	69881410	1			1854.0	0.0	1544.0	0.0	4.0	0.0
8	69881519	69881520	1			2203.0	0.0	1874.0	0.0	8.0	0.0
8	69881530	69881531	1			2099.0	0.0	1762.0	0.0	6.0	0.0
8	69882057	69882058	1			1718.0	0.0	1426.0	0.0	8.0	0.0
8	69882206	69882207	1			1823.0	0.0	1546.0	0.0	6.0	0.0
8	69882210	69882211	1			1868.0	0.0	1587.0	0.0	6.0	0.0
8	69882212	69882213	1			1856.0	0.0	1576.0	0.0	6.0	0.0
8	69882217	69882218	1			1866.0	0.0	1584.0	0.0	7.0	0.0
8	69882220	69882221	1			1866.0	0.0	1587.0	0.0	7.0	0.0
8	69882223	69882224	1			1844.0	0.0	1578.0	0.0	7.0	0.0
8	69882230	69882231	1			1837.0	0.0	1565.0	0.0	7.0	0.0
8	69882233	69882234	1			1847.0	0.0	1563.0	0.0	7.0	0.0
8	69882401	69882402	1			1443.0	0.0	1199.0	0.0	12.0	0.0
8	69885471	69885472	1			1790.0	0.0	1485.0	0.0	3.0	0.0
8	69885474	69885475	1			1815.0	0.0	1490.0	0.0	3.0	0.0
8	69885480	69885481	1			1763.0	0.0	1456.0	0.0	3.0	0.0
8	70742982	70742983	1			2097.0	0.0	1767.0	0.0	13.0	0.0
8	70816874	70816875	1			1337.0	0.0	1059.0	0.0	5.0	0.0
8	72741657	72741658	1			1765.0	0.0	1461.0	0.0	7.0	0.0
8	72762603	72762604	1			1735.0	0.0	1428.0	0.0	3.0	0.0
8	78436303	78436304	1			928.0	0.0	711.0	0.0	5.0	0.0
8	78436416	78436417	1			1337.0	0.0	1131.0	0.0	6.0	0.0
8	78436419	78436420	1			1348.0	0.0	1139.0	0.0	6.0	0.0
8	78436425	78436426	1			1341.0	0.0	1134.0	0.0	6.0	0.0
8	83166465	83166466	1			1182.0	0.0	951.0	0.0	4.0	0.0
8	84201708	84201709	1			1732.0	0.0	1415.0	0.0	4.0	0.0
8	84731629	84731630	1			1905.0	0.0	1591.0	0.0	11.0	0.0
8	84771960	84771961	1			1860.0	0.0	1552.0	0.0	6.0	0.0
8	84784634	84784635	1			1950.0	0.0	1668.0	0.0	8.0	0.0
8	84784774	84784775	1			2043.0	0.0	1683.0	0.0	10.0	0.0
8	84784807	84784808	1			2074.0	0.0	1651.0	0.0	8.0	0.0
8	84912574	84912575	1			1892.0	0.0	1564.0	0.0	11.0	0.0
8	84912576	84912577	1			1903.0	0.0	1584.0	0.0	11.0	0.0
8	84912704	84912705	1			2178.0	0.0	1841.0	0.0	9.0	0.0
8	84912707	84912708	1			2199.0	0.0	1857.0	0.0	10.0	0.0
8	84912711	84912712	1			2190.0	0.0	1845.0	0.0	10.0	0.0
8	84912714	84912715	1			2185.0	0.0	1847.0	0.0	10.0	0.0
8	84918147	84918148	1			1691.0	0.0	1337.0	0.0	1.0	0.0
8	84918158	84918159	1			1709.0	0.0	1383.0	0.0	3.0	0.0
8	87468955	87468956	1			1305.0	0.0	1056.0	0.0	4.0	0.0
8	87472241	87472242	1			695.0	0.0	554.0	0.0	2.0	0.0
8	87472974	87472975	1			624.0	0.0	529.0	0.0	1.0	0.0
8	89042502	89042503	1			1579.0	0.0	1256.0	0.0	7.0	0.0
8	89572047	89572048	1			1223.0	0.0	959.0	0.0	4.0	0.0
8	91800473	91800474	1			1157.0	0.0	841.0	0.0	6.0	0.0
8	92063762	92063763	1			1575.0	0.0	1296.0	0.0	6.0	0.0
8	92855474	92855475	1			1317.0	0.0	1140.0	0.0	2.0	0.0
8	92855486	92855487	1			1323.0	0.0	1128.0	0.0	4.0	0.0
8	92855492	92855493	1			1324.0	0.0	1128.0	0.0	5.0	0.0
8	94905175	94905176	1			917.0	0.0	723.0	0.0	3.0	0.0
8	99416630	99416631	1			883.0	0.0	641.0	0.0	2.0	0.0
8	99416637	99416638	1			930.0	0.0	673.0	0.0	2.0	0.0
8	99416667	99416668	1			1001.0	0.0	735.0	0.0	4.0	0.0
8	99416670	99416671	1			997.0	0.0	735.0	0.0	4.0	0.0
8	104555391	104555392	1			2247.0	0.0	1922.0	0.0	12.0	0.0
8	105259345	105259346	1			1960.0	0.0	1606.0	0.0	8.0	0.0
8	105277535	105277536	1			2360.0	0.0	1818.0	0.0	7.0	0.0
8	108715701	108715702	1			304.0	0.0	241.0	0.0	0.0	0.0
8	117856271	117856272	1			1380.0	0.0	1079.0	0.0	4.0	0.0
8	117856328	117856329	1			1439.0	0.0	1143.0	0.0	5.0	0.0
8	120268534	120268535	1			2372.0	0.0	1966.0	0.0	9.0	0.0
8	120268707	120268708	1			2617.0	0.0	2270.0	0.0	8.0	0.0
8	120268743	120268744	1			2929.0	0.0	2512.0	0.0	12.0	0.0
8	120268857	120268858	1			2730.0	0.0	2289.0	0.0	8.0	0.0
8	120832236	120832237	1			1109.0	0.0	933.0	0.0	7.0	0.0
8	120832255	120832256	1			1085.0	0.0	927.0	0.0	7.0	0.0
8	121116808	121116809	1			1655.0	0.0	1292.0	0.0	4.0	0.0
8	121117016	121117017	1			1656.0	0.0	1331.0	0.0	2.0	0.0
8	121117019	121117020	1			1720.0	0.0	1388.0	0.0	2.0	0.0
8	121117030	121117031	1			1747.0	0.0	1405.0	0.0	2.0	0.0
8	121117079	121117080	1			1733.0	0.0	1328.0	0.0	4.0	0.0
8	121117098	121117099	1			1632.0	0.0	1254.0	0.0	4.0	0.0
8	121117104	121117105	1			1635.0	0.0	1253.0	0.0	4.0	0.0
8	122738696	122738697	1			1750.0	0.0	1523.0	0.0	3.0	0.0
8	123341654	123341655	1			1956.0	0.0	1613.0	0.0	10.0	0.0
8	124677636	124677637	1			1760.0	0.0	1431.0	0.0	6.0	0.0
8	125669727	125669728	1			1121.0	0.0	905.0	0.0	2.0	0.0
8	125669766	125669767	1			1098.0	0.0	850.0	0.0	3.0	0.0
8	127828007	127828008	1			1620.0	0.0	1202.0	0.0	6.0	0.0
9	14718160	14718161	1			1587.0	0.0	1299.0	0.0	7.0	0.0
9	20889940	20889941	1			1905.0	0.0	1518.0	0.0	8.0	0.0
9	21037816	21037817	1			1401.0	0.0	1110.0	0.0	5.0	0.0
9	21037820	21037821	1			1402.0	0.0	1121.0	0.0	5.0	0.0
9	21037835	21037836	1			1404.0	0.0	1118.0	0.0	5.0	0.0
9	21037837	21037838	1			1404.0	0.0	1116.0	0.0	5.0	0.0
9	27193937	27193938	1			1073.0	0.0	948.0	0.0	3.0	0.0
9	31858921	31858922	1			1439.0	0.0	1140.0	0.0	5.0	0.0
9	42898296	42898297	1			1699.0	0.0	1422.0	0.0	7.0	0.0
9	44692257	44692258	1			1998.0	0.0	1659.0	0.0	7.0	0.0
9	45839240	45839241	1			1869.0	0.0	1585.0	0.0	5.0	0.0
9	45839425	45839426	1			1846.0	0.0	1498.0	0.0	4.0	0.0
9	45839573	45839574	1			1310.0	0.0	1087.0	0.0	3.0	0.0
9	53390605	53390606	1			1799.0	0.0	1480.0	0.0	10.0	0.0
9	55546219	55546220	1			1448.0	0.0	1135.0	0.0	4.0	0.0
9	56897793	56897794	1			1816.0	0.0	1485.0	0.0	5.0	0.0
9	60545774	60545775	1			1435.0	0.0	1211.0	0.0	8.0	0.0
9	62018885	62018886	1			1946.0	0.0	1607.0	0.0	7.0	0.0
9	64078360	64078361	1			1549.0	0.0	1257.0	0.0	3.0	0.0
9	64918722	64918723	1			1882.0	0.0	1516.0	0.0	6.0	0.0
9	65180674	65180675	1			439.0	0.0	301.0	0.0	1.0	0.0
9	67760664	67760665	1			1148.0	0.0	884.0	0.0	3.0	0.0
9	71215446	71215447	1			754.0	0.0	599.0	0.0	1.0	0.0
9	83111477	83111478	1			1549.0	0.0	1246.0	0.0	3.0	0.0
9	91362575	91362576	1			933.0	0.0	755.0	0.0	5.0	0.0
9	91362580	91362581	1			933.0	0.0	749.0	0.0	5.0	0.0
9	91364483	91364484	1			1277.0	0.0	1042.0	0.0	7.0	0.0
9	91364946	91364947	1			1117.0	0.0	860.0	0.0	5.0	0.0
9	104874038	104874039	1			1652.0	0.0	1374.0	0.0	8.0	0.0
9	107305992	107305993	1			2431.0	0.0	1985.0	0.0	9.0	0.0
9	107993263	107993264	1			2585.0	0.0	2153.0	0.0	4.0	0.0
9	110684580	110684581	1			1435.0	0.0	1205.0	0.0	4.0	0.0
9	110873843	110873844	1			1302.0	0.0	1067.0	0.0	4.0	0.0
9	110873863	110873864	1			1426.0	0.0	1170.0	0.0	5.0	0.0
9	110873868	110873869	1			1446.0	0.0	1185.0	0.0	5.0	0.0
9	110873915	110873916	1			1306.0	0.0	1074.0	0.0	5.0	0.0
9	111311601	111311602	1			1077.0	0.0	903.0	0.0	5.0	0.0
9	111311693	111311694	1			1244.0	0.0	1050.0	0.0	4.0	0.0
9	111311699	111311700	1			1239.0	0.0	1045.0	0.0	4.0	0.0
9	111311702	111311703	1			1253.0	0.0	1058.0	0.0	4.0	0.0
9	111311706	111311707	1			1251.0	0.0	1046.0	0.0	5.0	0.0
9	111311733	111311734	1			1310.0	0.0	1120.0	0.0	6.0	0.0
9	111311762	111311763	1			1359.0	0.0	1142.0	0.0	7.0	0.0
9	111311765	111311766	1			1371.0	0.0	1152.0	0.0	7.0	0.0
9	111311769	111311770	1			1348.0	0.0	1127.0	0.0	7.0	0.0
9	111311771	111311772	1			1346.0	0.0	1126.0	0.0	7.0	0.0
9	111311773	111311774	1			1330.0	0.0	1116.0	0.0	7.0	0.0
9	111311884	111311885	1			1156.0	0.0	992.0	0.0	3.0	0.0
9	118468350	118468351	1			1175.0	0.0	961.0	0.0	6.0	0.0
9	119028888	119028889	1			1907.0	0.0	1539.0	0.0	15.0	0.0
9	119146607	119146608	1			2234.0	0.0	1922.0	0.0	6.0	0.0
9	119418197	119418198	1			1904.0	0.0	1514.0	0.0	9.0	0.0
9	121808080	121808081	1			1699.0	0.0	1416.0	0.0	9.0	0.0
10	4430456	4430457	1			2486.0	0.0	1988.0	0.0	9.0	0.0
10	5491389	5491390	1			1588.0	0.0	1297.0	0.0	2.0	0.0
10	7839844	7839845	1			1722.0	0.0	1423.0	0.0	10.0	0.0
10	13028009	13028010	1			1869.0	0.0	1537.0	0.0	5.0	0.0
10	14535658	14535659	1			1417.0	0.0	1132.0	0.0	5.0	0.0
10	21882266	21882267	1			1060.0	0.0	827.0	0.0	4.0	0.0
10	32890319	32890320	1			1105.0	0.0	893.0	0.0	3.0	0.0
10	33624466	33624467	1			841.0	0.0	675.0	0.0	3.0	0.0
10	33624566	33624567	1			1009.0	0.0	815.0	0.0	1.0	0.0
10	44206135	44206136	1			0.0	0.0	0.0	0.0	2.0	0.0
10	44456843	44456844	1			1847.0	0.0	1547.0	0.0	7.0	0.0
10	49782905	49782906	1			1302.0	0.0	1076.0	0.0	4.0	0.0
10	49788564	49788565	1			815.0	0.0	616.0	0.0	2.0	0.0
10	59970251	59970252	1			1855.0	0.0	1531.0	0.0	6.0	0.0
10	60685807	60685808	1			1236.0	0.0	1040.0	0.0	5.0	0.0
10	60944331	60944332	1			1501.0	0.0	1188.0	0.0	2.0	0.0
10	61632621	61632622	1			1993.0	0.0	1608.0	0.0	6.0	0.0
10	61726044	61726045	1			1947.0	0.0	1544.0	0.0	11.0	0.0
10	70121162	70121163	1			1113.0	0.0	973.0	0.0	4.0	0.0
10	70599111	70599112	1			724.0	0.0	616.0	0.0	3.0	0.0
10	70599713	70599714	1			1084.0	0.0	907.0	0.0	0.0	0.0
10	70599742	70599743	1			1148.0	0.0	973.0	0.0	1.0	0.0
10	70599752	70599753	1			1076.0	0.0	913.0	0.0	1.0	0.0
10	75424606	75424607	1			1863.0	0.0	1505.0	0.0	7.0	0.0
10	75424612	75424613	1			1940.0	0.0	1556.0	0.0	6.0	0.0
10	75424630	75424631	1			1936.0	0.0	1567.0	0.0	5.0	0.0
10	75424632	75424633	1			1902.0	0.0	1542.0	0.0	5.0	0.0
10	79881969	79881970	1			2474.0	0.0	2091.0	0.0	10.0	0.0
10	79921060	79921061	1			2206.0	0.0	1900.0	0.0	7.0	0.0
10	79921218	79921219	1			1942.0	0.0	1573.0	0.0	5.0	0.0
10	79921235	79921236	1			2010.0	0.0	1621.0	0.0	2.0	0.0
10	79921238	79921239	1			2048.0	0.0	1645.0	0.0	2.0	0.0
10	79921251	79921252	1			1979.0	0.0	1579.0	0.0	1.0	0.0
10	79921259	79921260	1			1974.0	0.0	1559.0	0.0	1.0	0.0
10	79921264	79921265	1			1934.0	0.0	1527.0	0.0	1.0	0.0
10	79921611	79921612	1			2682.0	0.0	2262.0	0.0	10.0	0.0
10	79921617	79921618	1			2728.0	0.0	2298.0	0.0	9.0	0.0
10	79921629	79921630	1			2690.0	0.0	2262.0	0.0	10.0	0.0
10	79921632	79921633	1			2719.0	0.0	2283.0	0.0	10.0	0.0
10	79921819	79921820	1			2847.0	0.0	2423.0	0.0	8.0	0.0
10	79921821	79921822	1			2831.0	0.0	2407.0	0.0	8.0	0.0
10	79921837	79921838	1			2838.0	0.0	2425.0	0.0	8.0	0.0
10	80810385	80810386	1			1957.0	0.0	1661.0	0.0	7.0	0.0
10	80810392	80810393	1			1969.0	0.0	1675.0	0.0	6.0	0.0
10	80810498	80810499	1			2722.0	0.0	2339.0	0.0	10.0	0.0
10	80988204	80988205	1			1571.0	0.0	1334.0	0.0	6.0	0.0
10	83384139	83384140	1			1839.0	0.0	1521.0	0.0	6.0	0.0
10	88390758	88390759	1			1230.0	0.0	1073.0	0.0	4.0	0.0
10	88560484	88560485	1			1823.0	0.0	1504.0	0.0	12.0	0.0
10	98343301	98343302	1			0.0	0.0	0.0	0.0	2.0	0.0
10	103028024	103028025	1			1697.0	0.0	1363.0	0.0	10.0	0.0
10	103028645	103028646	1			319.0	0.0	257.0	0.0	1.0	0.0
10	103028731	103028732	1			693.0	0.0	558.0	0.0	1.0	0.0
10	103028734	103028735	1			719.0	0.0	585.0	0.0	2.0	0.0
10	103028768	103028769	1			836.0	0.0	701.0	0.0	3.0	0.0
10	103029442	103029443	1			1177.0	0.0	931.0	0.0	5.0	0.0
10	109010551	109010552	1			907.0	0.0	781.0	0.0	2.0	0.0
10	109010638	109010639	1			1136.0	0.0	967.0	0.0	1.0	0.0
10	109010652	109010653	1			1066.0	0.0	889.0	0.0	1.0	0.0
10	109010673	109010674	1			872.0	0.0	747.0	0.0	1.0	0.0
10	114801285	114801286	1			940.0	0.0	738.0	0.0	2.0	0.0
10	114801288	114801289	1			934.0	0.0	749.0	0.0	2.0	0.0
10	114801481	114801482	1			352.0	0.0	275.0	0.0	1.0	0.0
10	114802243	114802244	1			1253.0	0.0	965.0	0.0	3.0	0.0
10	116346878	116346879	1			1380.0	0.0	1160.0	0.0	7.0	0.0
10	120422320	120422321	1			1478.0	0.0	1213.0	0.0	4.0	0.0
10	120422379	120422380	1			1555.0	0.0	1295.0	0.0	4.0	0.0
10	120428473	120428474	1			1796.0	0.0	1565.0	0.0	5.0	0.0
10	120428504	120428505	1			1800.0	0.0	1605.0	0.0	6.0	0.0
10	120428674	120428675	1			1739.0	0.0	1499.0	0.0	5.0	0.0
10	120558188	120558189	1			1472.0	0.0	1153.0	0.0	6.0	0.0
10	120558197	120558198	1			1453.0	0.0	1148.0	0.0	6.0	0.0
10	121161542	121161543	1			1423.0	0.0	1165.0	0.0	1.0	0.0
10	121161559	121161560	1			1410.0	0.0	1146.0	0.0	1.0	0.0
10	121931533	121931534	1			1558.0	0.0	1281.0	0.0	6.0	0.0
10	122738407	122738408	1			1651.0	0.0	1340.0	0.0	5.0	0.0
10	123788289	123788290	1			1791.0	0.0	1494.0	0.0	3.0	0.0
10	128502520	128502521	1			2332.0	0.0	1834.0	0.0	8.0	0.0
11	4135724	4135725	1			1516.0	0.0	1240.0	0.0	7.0	0.0
11	4949389	4949390	1			1277.0	0.0	973.0	0.0	5.0	0.0
11	4954035	4954036	1			977.0	0.0	772.0	0.0	2.0	0.0
11	12756587	12756588	1			0.0	0.0	0.0	0.0	0.0	0.0
11	20477838	20477839	1			909.0	0.0	711.0	0.0	0.0	0.0
11	20762369	20762370	1			0.0	0.0	0.0	0.0	4.0	0.0
11	21993733	21993734	1			1135.0	0.0	932.0	0.0	6.0	0.0
11	21993757	21993758	1			1120.0	0.0	919.0	0.0	6.0	0.0
11	21994068	21994069	1			1516.0	0.0	1235.0	0.0	4.0	0.0
11	21997929	21997930	1			1697.0	0.0	1433.0	0.0	6.0	0.0
11	22007183	22007184	1			1376.0	0.0	1095.0	0.0	1.0	0.0
11	22007227	22007228	1			1348.0	0.0	1038.0	0.0	1.0	0.0
11	24523596	24523597	1			0.0	0.0	2.0	0.0	2.0	0.0
11	29824620	29824621	1			1505.0	0.0	1212.0	0.0	4.0	0.0
11	29825373	29825374	1			1732.0	0.0	1401.0	0.0	3.0	0.0
11	33201272	33201273	1			1113.0	0.0	951.0	0.0	0.0	0.0
11	33203157	33203158	1			1045.0	0.0	874.0	0.0	4.0	0.0
11	33203379	33203380	1			1015.0	0.0	835.0	0.0	2.0	0.0
11	33203405	33203406	1			1021.0	0.0	830.0	0.0	3.0	0.0
11	33203575	33203576	1			1298.0	0.0	1046.0	0.0	6.0	0.0
11	33203583	33203584	1			1324.0	0.0	1073.0	0.0	6.0	0.0
11	35798308	35798309	1			242.0	0.0	192.0	0.0	3.0	0.0
11	35798311	35798312	1			245.0	0.0	201.0	0.0	3.0	0.0
11	35798487	35798488	1			854.0	0.0	719.0	0.0	2.0	0.0
11	42182440	42182441	1			1071.0	0.0	851.0	0.0	5.0	0.0
11	42182447	42182448	1			1081.0	0.0	868.0	0.0	5.0	0.0
11	51647045	51647046	1			2497.0	0.0	2051.0	0.0	16.0	0.0
11	51786085	51786086	1			2068.0	0.0	1683.0	0.0	8.0	0.0
11	53463565	53463566	1			1758.0	0.0	1511.0	0.0	3.0	0.0
11	53463757	53463758	1			1870.0	0.0	1570.0	0.0	3.0	0.0
11	53478691	53478692	1			1451.0	0.0	1245.0	0.0	6.0	0.0
11	53478799	53478800	1			1381.0	0.0	1143.0	0.0	6.0	0.0
11	53478875	53478876	1			1125.0	0.0	955.0	0.0	3.0	0.0
11	53478907	53478908	1			1080.0	0.0	908.0	0.0	2.0	0.0
11	53508268	53508269	1			1586.0	0.0	1273.0	0.0	3.0	0.0
11	57827286	57827287	1			1152.0	0.0	946.0	0.0	7.0	0.0
11	57827306	57827307	1			1144.0	0.0	958.0	0.0	6.0	0.0
11	57827308	57827309	1			1147.0	0.0	959.0	0.0	7.0	0.0
11	59312571	59312572	1			1844.0	0.0	1548.0	0.0	7.0	0.0
11	61147017	61147018	1			1920.0	0.0	1592.0	0.0	9.0	0.0
11	61147591	61147592	1			1186.0	0.0	870.0	0.0	4.0	0.0
11	61147624	61147625	1			1209.0	0.0	915.0	0.0	5.0	0.0
11	61147628	61147629	1			1210.0	0.0	905.0	0.0	5.0	0.0
11	61684480	61684481	1			1113.0	0.0	924.0	0.0	8.0	0.0
11	61684493	61684494	1			1196.0	0.0	1011.0	0.0	8.0	0.0
11	61684502	61684503	1			1256.0	0.0	1054.0	0.0	9.0	0.0
11	61684617	61684618	1			1692.0	0.0	1463.0	0.0	6.0	0.0
11	61684760	61684761	1			1654.0	0.0	1434.0	0.0	6.0	0.0
11	61684957	61684958	1			1679.0	0.0	1442.0	0.0	5.0	0.0
11	67675679	67675680	1			1848.0	0.0	1584.0	0.0	5.0	0.0
11	69119878	69119879	1			2363.0	0.0	1855.0	0.0	9.0	0.0
11	69965435	69965436	1			1782.0	0.0	1438.0	0.0	11.0	0.0
11	69965451	69965452	1			1823.0	0.0	1471.0	0.0	11.0	0.0
11	69965453	69965454	1			1811.0	0.0	1467.0	0.0	11.0	0.0
11	69965459	69965460	1			1809.0	0.0	1470.0	0.0	11.0	0.0
11	69965462	69965463	1			1800.0	0.0	1459.0	0.0	11.0	0.0
11	69965586	69965587	1			2029.0	0.0	1685.0	0.0	5.0	0.0
11	69965621	69965622	1			1927.0	0.0	1627.0	0.0	5.0	0.0
11	69965628	69965629	1			1850.0	0.0	1562.0	0.0	5.0	0.0
11	69965631	69965632	1			1801.0	0.0	1519.0	0.0	5.0	0.0
11	69966088	69966089	1			1609.0	0.0	1287.0	0.0	6.0	0.0
11	69966093	69966094	1			1598.0	0.0	1282.0	0.0	6.0	0.0
11	75895183	75895184	1			1292.0	0.0	1013.0	0.0	7.0	0.0
11	75895188	75895189	1			1301.0	0.0	1015.0	0.0	6.0	0.0
11	75895201	75895202	1			1290.0	0.0	1022.0	0.0	7.0	0.0
11	79140423	79140424	1			2104.0	0.0	1764.0	0.0	10.0	0.0
11	79899821	79899822	1			1944.0	0.0	1673.0	0.0	5.0	0.0
11	81371989	81371990	1			1083.0	0.0	825.0	0.0	0.0	0.0
11	82580265	82580266	1			1947.0	0.0	1628.0	0.0	5.0	0.0
11	82926084	82926085	1			1838.0	0.0	1523.0	0.0	4.0	0.0
11	83020521	83020522	1			1110.0	0.0	963.0	0.0	4.0	0.0
11	83849875	83849876	1			1643.0	0.0	1323.0	0.0	3.0	0.0
11	83850008	83850009	1			1497.0	0.0	1236.0	0.0	6.0	0.0
11	83851068	83851069	1			838.0	0.0	632.0	0.0	3.0	0.0
11	83851560	83851561	1			1464.0	0.0	1238.0	0.0	5.0	0.0
11	83851770	83851771	1			1500.0	0.0	1265.0	0.0	3.0	0.0
11	84526409	84526410	1			1372.0	0.0	1089.0	0.0	7.0	0.0
11	85688574	85688575	1			2001.0	0.0	1679.0	0.0	5.0	0.0
11	85886588	85886589	1			1225.0	0.0	1057.0	0.0	3.0	0.0
11	87240694	87240695	1			1964.0	0.0	1604.0	0.0	11.0	0.0
11	88193377	88193378	1			1529.0	0.0	1305.0	0.0	4.0	0.0
11	88687323	88687324	1			1557.0	0.0	1250.0	0.0	6.0	0.0
11	90033102	90033103	1			864.0	0.0	719.0	0.0	3.0	0.0
11	90033112	90033113	1			835.0	0.0	677.0	0.0	3.0	0.0
11	90033352	90033353	1			903.0	0.0	734.0	0.0	2.0	0.0
11	90033356	90033357	1			890.0	0.0	727.0	0.0	2.0	0.0
11	90687994	90687995	1			1367.0	0.0	1091.0	0.0	4.0	0.0
11	93098216	93098217	1			1212.0	0.0	929.0	0.0	5.0	0.0
11	94591678	94591679	1			2024.0	0.0	1610.0	0.0	6.0	0.0
11	95009200	95009201	1			1815.0	0.0	1518.0	0.0	5.0	0.0
11	96005005	96005006	1			504.0	0.0	384.0	0.0	1.0	0.0
11	96005030	96005031	1			425.0	0.0	341.0	0.0	1.0	0.0
11	96005522	96005523	1			1027.0	0.0	817.0	0.0	6.0	0.0
11	96005567	96005568	1			921.0	0.0	737.0	0.0	6.0	0.0
11	96007033	96007034	1			483.0	0.0	398.0	0.0	3.0	0.0
11	96007673	96007674	1			801.0	0.0	647.0	0.0	3.0	0.0
11	96332814	96332815	1			971.0	0.0	812.0	0.0	3.0	0.0
11	96345937	96345938	1			859.0	0.0	663.0	0.0	9.0	0.0
11	96345964	96345965	1			1135.0	0.0	883.0	0.0	9.0	0.0
11	96346051	96346052	1			918.0	0.0	749.0	0.0	5.0	0.0
11	96346054	96346055	1			886.0	0.0	726.0	0.0	4.0	0.0
11	96988532	96988533	1			2005.0	0.0	1668.0	0.0	4.0	0.0
11	98042810	98042811	1			1529.0	0.0	1247.0	0.0	9.0	0.0
11	98767344	98767345	1			527.0	0.0	402.0	0.0	0.0	0.0
11	98767348	98767349	1			540.0	0.0	410.0	0.0	0.0	0.0
11	98767387	98767388	1			635.0	0.0	466.0	0.0	0.0	0.0
11	98767391	98767392	1			634.0	0.0	462.0	0.0	0.0	0.0
11	102399398	102399399	1			924.0	0.0	784.0	0.0	0.0	0.0
11	102480494	102480495	1			1507.0	0.0	1174.0	0.0	3.0	0.0
11	102606002	102606003	1			1630.0	0.0	1265.0	0.0	9.0	0.0
11	108039122	108039123	1			1631.0	0.0	1298.0	0.0	7.0	0.0
11	113499146	113499147	1			1550.0	0.0	1310.0	0.0	7.0	0.0
11	113785976	113785977	1			1278.0	0.0	1079.0	0.0	2.0	0.0
11	115891315	115891316	1			541.0	0.0	449.0	0.0	2.0	0.0
11	116108261	116108262	1			1723.0	0.0	1454.0	0.0	7.0	0.0
11	116108285	116108286	1			1929.0	0.0	1606.0	0.0	8.0	0.0
11	116108298	116108299	1			2124.0	0.0	1744.0	0.0	10.0	0.0
11	116108405	116108406	1			2225.0	0.0	1812.0	0.0	8.0	0.0
11	117235563	117235564	1			1176.0	0.0	943.0	0.0	3.0	0.0
11	117250286	117250287	1			2189.0	0.0	1759.0	0.0	4.0	0.0
11	119267697	119267698	1			1830.0	0.0	1556.0	0.0	7.0	0.0
11	120630508	120630509	1			2600.0	0.0	2167.0	0.0	7.0	0.0
11	120641815	120641816	1			2463.0	0.0	1938.0	0.0	13.0	0.0
12	14149828	14149829	1			1740.0	0.0	1468.0	0.0	7.0	0.0
12	14149957	14149958	1			1799.0	0.0	1576.0	0.0	9.0	0.0
12	14150167	14150168	1			1388.0	0.0	1162.0	0.0	8.0	0.0
12	14150171	14150172	1			1393.0	0.0	1168.0	0.0	8.0	0.0
12	14150177	14150178	1			1380.0	0.0	1162.0	0.0	8.0	0.0
12	14150198	14150199	1			1250.0	0.0	1044.0	0.0	7.0	0.0
12	14151952	14151953	1			1241.0	0.0	990.0	0.0	6.0	0.0
12	14151978	14151979	1			1285.0	0.0	1075.0	0.0	8.0	0.0
12	14151983	14151984	1			1332.0	0.0	1124.0	0.0	8.0	0.0
12	14151989	14151990	1			1375.0	0.0	1170.0	0.0	7.0	0.0
12	14152094	14152095	1			1283.0	0.0	1105.0	0.0	8.0	0.0
12	18514577	18514578	1			1303.0	0.0	1171.0	0.0	3.0	0.0
12	18853854	18853855	1			1065.0	0.0	883.0	0.0	2.0	0.0
12	19704171	19704172	1			1156.0	0.0	946.0	0.0	5.0	0.0
12	19704196	19704197	1			1258.0	0.0	1023.0	0.0	3.0	0.0
12	19704276	19704277	1			1398.0	0.0	1158.0	0.0	7.0	0.0
12	19882413	19882414	1			1077.0	0.0	867.0	0.0	2.0	0.0
12	19882419	19882420	1			1076.0	0.0	871.0	0.0	2.0	0.0
12	19882421	19882422	1			1078.0	0.0	877.0	0.0	3.0	0.0
12	19954353	19954354	1			869.0	0.0	740.0	0.0	3.0	0.0
12	19954358	19954359	1			874.0	0.0	740.0	0.0	3.0	0.0
12	19954360	19954361	1			873.0	0.0	728.0	0.0	3.0	0.0
12	19954370	19954371	1			912.0	0.0	776.0	0.0	4.0	0.0
12	19954372	19954373	1			885.0	0.0	749.0	0.0	4.0	0.0
12	19954389	19954390	1			970.0	0.0	811.0	0.0	4.0	0.0
12	19954391	19954392	1			970.0	0.0	805.0	0.0	4.0	0.0
12	19954465	19954466	1			957.0	0.0	799.0	0.0	3.0	0.0
12	20196411	20196412	1			1291.0	0.0	1107.0	0.0	4.0	0.0
12	20197016	20197017	1			1236.0	0.0	1036.0	0.0	4.0	0.0
12	20312135	20312136	1			996.0	0.0	865.0	0.0	1.0	0.0
12	20312159	20312160	1			978.0	0.0	843.0	0.0	1.0	0.0
12	20312169	20312170	1			956.0	0.0	830.0	0.0	1.0	0.0
12	20312384	20312385	1			1255.0	0.0	1044.0	0.0	6.0	0.0
12	20312622	20312623	1			1071.0	0.0	909.0	0.0	2.0	0.0
12	20614980	20614981	1			946.0	0.0	802.0	0.0	0.0	0.0
12	22466728	22466729	1			1240.0	0.0	1013.0	0.0	3.0	0.0
12	22466733	22466734	1			1261.0	0.0	1024.0	0.0	3.0	0.0
12	22466735	22466736	1			1249.0	0.0	1028.0	0.0	3.0	0.0
12	22466813	22466814	1			1234.0	0.0	1047.0	0.0	5.0	0.0
12	22466819	22466820	1			1223.0	0.0	1039.0	0.0	5.0	0.0
12	22466826	22466827	1			1288.0	0.0	1094.0	0.0	4.0	0.0
12	22466836	22466837	1			1260.0	0.0	1069.0	0.0	4.0	0.0
12	22466848	22466849	1			1207.0	0.0	1025.0	0.0	3.0	0.0
12	22745383	22745384	1			1271.0	0.0	1095.0	0.0	7.0	0.0
12	22745402	22745403	1			1283.0	0.0	1087.0	0.0	7.0	0.0
12	22906098	22906099	1			1208.0	0.0	1005.0	0.0	4.0	0.0
12	22906202	22906203	1			1458.0	0.0	1283.0	0.0	6.0	0.0
12	22906211	22906212	1			1424.0	0.0	1257.0	0.0	5.0	0.0
12	22906213	22906214	1			1413.0	0.0	1234.0	0.0	5.0	0.0
12	22906237	22906238	1			1416.0	0.0	1234.0	0.0	5.0	0.0
12	27341791	27341792	1			1321.0	0.0	1145.0	0.0	4.0	0.0
12	46819148	46819149	1			789.0	0.0	703.0	0.0	1.0	0.0
12	46819155	46819156	1			819.0	0.0	727.0	0.0	1.0	0.0
12	46819161	46819162	1			788.0	0.0	699.0	0.0	1.0	0.0
12	46819170	46819171	1			798.0	0.0	694.0	0.0	2.0	0.0
12	46819173	46819174	1			795.0	0.0	700.0	0.0	2.0	0.0
12	46819179	46819180	1			779.0	0.0	693.0	0.0	2.0	0.0
12	46819289	46819290	1			468.0	0.0	399.0	0.0	3.0	0.0
12	46819300	46819301	1			487.0	0.0	408.0	0.0	2.0	0.0
12	46819305	46819306	1			477.0	0.0	404.0	0.0	1.0	0.0
12	46819874	46819875	1			1609.0	0.0	1329.0	0.0	3.0	0.0
12	49383670	49383671	1			589.0	0.0	480.0	0.0	2.0	0.0
12	49383970	49383971	1			582.0	0.0	470.0	0.0	3.0	0.0
12	49384436	49384437	1			640.0	0.0	533.0	0.0	2.0	0.0
12	49385535	49385536	1			1169.0	0.0	922.0	0.0	2.0	0.0
12	49391311	49391312	1			1361.0	0.0	1016.0	0.0	5.0	0.0
12	56438729	56438730	1			1568.0	0.0	1287.0	0.0	6.0	0.0
12	61524739	61524740	1			1458.0	0.0	1175.0	0.0	9.0	0.0
12	76215187	76215188	1			986.0	0.0	813.0	0.0	2.0	0.0
12	84417643	84417644	1			1845.0	0.0	1479.0	0.0	4.0	0.0
12	84417645	84417646	1			1847.0	0.0	1484.0	0.0	5.0	0.0
12	84417652	84417653	1			1860.0	0.0	1497.0	0.0	5.0	0.0
12	85475616	85475617	1			1967.0	0.0	1533.0	0.0	6.0	0.0
12	101012426	101012427	1			1810.0	0.0	1464.0	0.0	3.0	0.0
12	105003348	105003349	1			2358.0	0.0	1994.0	0.0	5.0	0.0
12	105234295	105234296	1			1775.0	0.0	1523.0	0.0	7.0	0.0
12	108328044	108328045	1			1695.0	0.0	1411.0	0.0	11.0	0.0
12	108328046	108328047	1			1684.0	0.0	1410.0	0.0	11.0	0.0
12	108328056	108328057	1			1655.0	0.0	1408.0	0.0	11.0	0.0
12	108328063	108328064	1			1626.0	0.0	1398.0	0.0	13.0	0.0
12	108328065	108328066	1			1640.0	0.0	1400.0	0.0	13.0	0.0
12	109408773	109408774	1			1907.0	0.0	1595.0	0.0	7.0	0.0
12	109408782	109408783	1			1903.0	0.0	1599.0	0.0	7.0	0.0
12	109408834	109408835	1			1997.0	0.0	1730.0	0.0	13.0	0.0
12	109408943	109408944	1			2020.0	0.0	1720.0	0.0	11.0	0.0
12	109511992	109511993	1			1205.0	0.0	950.0	0.0	6.0	0.0
12	110855343	110855344	1			2197.0	0.0	1720.0	0.0	12.0	0.0
12	111445885	111445886	1			1720.0	0.0	1408.0	0.0	8.0	0.0
12	111998696	111998697	1			1830.0	0.0	1473.0	0.0	7.0	0.0
12	112665757	112665758	1			2072.0	0.0	1700.0	0.0	7.0	0.0
12	112707532	112707533	1			587.0	0.0	498.0	0.0	4.0	0.0
13	10045858	10045859	1			1694.0	0.0	1346.0	0.0	4.0	0.0
13	18218741	18218742	1			1304.0	0.0	1079.0	0.0	5.0	0.0
13	18218747	18218748	1			1358.0	0.0	1118.0	0.0	6.0	0.0
13	18218858	18218859	1			1592.0	0.0	1349.0	0.0	10.0	0.0
13	18218860	18218861	1			1597.0	0.0	1357.0	0.0	10.0	0.0
13	20120711	20120712	1			2035.0	0.0	1708.0	0.0	8.0	0.0
13	25387556	25387557	1			1643.0	0.0	1334.0	0.0	3.0	0.0
13	38503124	38503125	1			1088.0	0.0	857.0	0.0	3.0	0.0
13	40657650	40657651	1			1748.0	0.0	1385.0	0.0	4.0	0.0
13	41078865	41078866	1			1869.0	0.0	1603.0	0.0	5.0	0.0
13	41078981	41078982	1			1580.0	0.0	1359.0	0.0	5.0	0.0
13	41079164	41079165	1			590.0	0.0	462.0	0.0	2.0	0.0
13	41220334	41220335	1			782.0	0.0	634.0	0.0	1.0	0.0
13	41220361	41220362	1			756.0	0.0	633.0	0.0	1.0	0.0
13	41220365	41220366	1			756.0	0.0	636.0	0.0	1.0	0.0
13	41220504	41220505	1			601.0	0.0	496.0	0.0	2.0	0.0
13	52989777	52989778	1			1883.0	0.0	1563.0	0.0	2.0	0.0
13	53257187	53257188	1			1480.0	0.0	1169.0	0.0	4.0	0.0
13	54178642	54178643	1			1291.0	0.0	1072.0	0.0	4.0	0.0
13	58806665	58806666	1			1398.0	0.0	1159.0	0.0	7.0	0.0
13	60176260	60176261	1			1502.0	0.0	1273.0	0.0	4.0	0.0
13	60176384	60176385	1			1502.0	0.0	1276.0	0.0	5.0	0.0
13	60176517	60176518	1			1457.0	0.0	1287.0	0.0	5.0	0.0
13	60176554	60176555	1			1400.0	0.0	1236.0	0.0	3.0	0.0
13	60348033	60348034	1			1593.0	0.0	1285.0	0.0	4.0	0.0
13	60497752	60497753	1			1417.0	0.0	1099.0	0.0	5.0	0.0
13	60687050	60687051	1			2712.0	0.0	2310.0	0.0	12.0	0.0
13	60687073	60687074	1			2619.0	0.0	2244.0	0.0	11.0	0.0
13	65726822	65726823	1			105.0	0.0	70.0	0.0	0.0	0.0
13	71959658	71959659	1			1380.0	0.0	1162.0	0.0	7.0	0.0
13	76384398	76384399	1			1043.0	0.0	881.0	0.0	6.0	0.0
13	81025544	81025545	1			1.0	0.0	2.0	0.0	2.0	0.0
13	94706728	94706729	1			1350.0	0.0	1062.0	0.0	5.0	0.0
13	95616595	95616596	1			1489.0	0.0	1181.0	0.0	3.0	0.0
13	97291295	97291296	1			999.0	0.0	830.0	0.0	4.0	0.0
13	100752695	100752696	1			2223.0	0.0	1824.0	0.0	12.0	0.0
13	101879935	101879936	1			1893.0	0.0	1548.0	0.0	4.0	0.0
13	102639929	102639930	1			1933.0	0.0	1650.0	0.0	8.0	0.0
13	112443509	112443510	1			1840.0	0.0	1490.0	0.0	3.0	0.0
13	112443517	112443518	1			1863.0	0.0	1513.0	0.0	5.0	0.0
13	112443541	112443542	1			1836.0	0.0	1470.0	0.0	4.0	0.0
13	112443543	112443544	1			1819.0	0.0	1454.0	0.0	4.0	0.0
13	114933593	114933594	1			1788.0	0.0	1489.0	0.0	6.0	0.0
13	115959378	115959379	1			0.0	0.0	0.0	0.0	1.0	0.0
13	117603200	117603201	1			868.0	0.0	731.0	0.0	0.0	0.0
13	119741978	119741979	1			1547.0	0.0	1251.0	0.0	7.0	0.0
14	4415197	4415198	1			97.0	0.0	69.0	0.0	0.0	0.0
14	4649593	4649594	1			128.0	0.0	103.0	0.0	0.0	0.0
14	4649732	4649733	1			404.0	0.0	294.0	0.0	3.0	0.0
14	4726410	4726411	1			57.0	0.0	31.0	0.0	1.0	0.0
14	17483381	17483382	1			1723.0	0.0	1417.0	0.0	8.0	0.0
14	21990782	21990783	1			1915.0	0.0	1560.0	0.0	3.0	0.0
14	21990796	21990797	1			1873.0	0.0	1521.0	0.0	4.0	0.0
14	21990803	21990804	1			1821.0	0.0	1485.0	0.0	3.0	0.0
14	43122171	43122172	1			1136.0	0.0	901.0	0.0	3.0	0.0
14	51054369	51054370	1			2310.0	0.0	1900.0	0.0	3.0	0.0
14	54408731	54408732	1			1948.0	0.0	1578.0	0.0	5.0	0.0
14	55827084	55827085	1			1760.0	0.0	1458.0	0.0	4.0	0.0
14	59840574	59840575	1			1710.0	0.0	1439.0	0.0	6.0	0.0
14	61689834	61689835	1			1623.0	0.0	1323.0	0.0	4.0	0.0
14	61689932	61689933	1			2016.0	0.0	1636.0	0.0	6.0	0.0
14	61689950	61689951	1			1695.0	0.0	1371.0	0.0	4.0	0.0
14	63123892	63123893	1			1387.0	0.0	1115.0	0.0	4.0	0.0
14	63123900	63123901	1			1428.0	0.0	1150.0	0.0	4.0	0.0
14	65326541	65326542	1			1472.0	0.0	1190.0	0.0	7.0	0.0
14	65676372	65676373	1			1579.0	0.0	1245.0	0.0	10.0	0.0
14	67146752	67146753	1			1785.0	0.0	1481.0	0.0	10.0	0.0
14	70079771	70079772	1			1534.0	0.0	1200.0	0.0	7.0	0.0
14	74643113	74643114	1			1478.0	0.0	1217.0	0.0	2.0	0.0
14	75192890	75192891	1			1690.0	0.0	1389.0	0.0	3.0	0.0
14	93891076	93891077	1			1489.0	0.0	1227.0	0.0	3.0	0.0
14	122462914	122462915	1			1446.0	0.0	1165.0	0.0	7.0	0.0
15	26308783	26308784	1			473.0	0.0	376.0	0.0	0.0	0.0
15	26308785	26308786	1			482.0	0.0	383.0	0.0	0.0	0.0
15	26308807	26308808	1			529.0	0.0	426.0	0.0	0.0	0.0
15	26308812	26308813	1			529.0	0.0	429.0	0.0	0.0	0.0
15	26895770	26895771	1			1014.0	0.0	841.0	0.0	3.0	0.0
15	36641258	36641259	1			2298.0	0.0	1885.0	0.0	2.0	0.0
15	58979668	58979669	1			2550.0	0.0	2138.0	0.0	11.0	0.0
15	71727965	71727966	1			1258.0	0.0	1055.0	0.0	3.0	0.0
15	72546959	72546960	1			1066.0	0.0	864.0	0.0	5.0	0.0
15	72547547	72547548	1			450.0	0.0	367.0	0.0	1.0	0.0
15	72547706	72547707	1			907.0	0.0	777.0	0.0	3.0	0.0
15	73176975	73176976	1			2516.0	0.0	1998.0	0.0	14.0	0.0
15	73893927	73893928	1			1704.0	0.0	1373.0	0.0	5.0	0.0
15	76087218	76087219	1			2301.0	0.0	1912.0	0.0	7.0	0.0
15	76090097	76090098	1			1366.0	0.0	1138.0	0.0	4.0	0.0
15	76189160	76189161	1			2059.0	0.0	1702.0	0.0	11.0	0.0
15	79879275	79879276	1			1746.0	0.0	1417.0	0.0	7.0	0.0
15	80111387	80111388	1			804.0	0.0	653.0	0.0	3.0	0.0
15	82928785	82928786	1			1621.0	0.0	1371.0	0.0	7.0	0.0
15	85961529	85961530	1			1777.0	0.0	1454.0	0.0	7.0	0.0
15	87625452	87625453	1			1068.0	0.0	916.0	0.0	3.0	0.0
15	87625501	87625502	1			1190.0	0.0	988.0	0.0	4.0	0.0
15	87625503	87625504	1			1175.0	0.0	974.0	0.0	4.0	0.0
15	87625507	87625508	1			1187.0	0.0	983.0	0.0	5.0	0.0
15	87625524	87625525	1			1307.0	0.0	1059.0	0.0	2.0	0.0
15	87625658	87625659	1			1407.0	0.0	1145.0	0.0	3.0	0.0
15	89068300	89068301	1			1709.0	0.0	1362.0	0.0	6.0	0.0
15	95527878	95527879	1			866.0	0.0	680.0	0.0	3.0	0.0
15	95527971	95527972	1			962.0	0.0	775.0	0.0	6.0	0.0
15	95527978	95527979	1			949.0	0.0	761.0	0.0	6.0	0.0
15	98780615	98780616	1			1571.0	0.0	1309.0	0.0	5.0	0.0
15	98780773	98780774	1			1630.0	0.0	1382.0	0.0	7.0	0.0
15	98780779	98780780	1			1637.0	0.0	1385.0	0.0	7.0	0.0
15	98780782	98780783	1			1644.0	0.0	1382.0	0.0	7.0	0.0
15	98780817	98780818	1			1511.0	0.0	1279.0	0.0	7.0	0.0
15	98895041	98895042	1			1813.0	0.0	1470.0	0.0	6.0	0.0
15	98895289	98895290	1			2332.0	0.0	1884.0	0.0	6.0	0.0
15	98898261	98898262	1			2106.0	0.0	1754.0	0.0	6.0	0.0
15	100462104	100462105	1			2390.0	0.0	1991.0	0.0	8.0	0.0
15	100728625	100728626	1			1669.0	0.0	1403.0	0.0	4.0	0.0
15	102460331	102460332	1			2028.0	0.0	1636.0	0.0	11.0	0.0
15	102460354	102460355	1			2120.0	0.0	1701.0	0.0	11.0	0.0
16	4419191	4419192	1			2298.0	0.0	1929.0	0.0	4.0	0.0
16	9993045	9993046	1			839.0	0.0	703.0	0.0	4.0	0.0
16	9994229	9994230	1			732.0	0.0	594.0	0.0	2.0	0.0
16	9994255	9994256	1			677.0	0.0	559.0	0.0	1.0	0.0
16	9994912	9994913	1			1050.0	0.0	870.0	0.0	4.0	0.0
16	9995609	9995610	1			1333.0	0.0	1097.0	0.0	3.0	0.0
16	9995620	9995621	1			1365.0	0.0	1120.0	0.0	3.0	0.0
16	9995630	9995631	1			1332.0	0.0	1097.0	0.0	3.0	0.0
16	11494994	11494995	1			1812.0	0.0	1461.0	0.0	6.0	0.0
16	18585751	18585752	1			1137.0	0.0	878.0	0.0	4.0	0.0
16	18588445	18588446	1			1514.0	0.0	1271.0	0.0	2.0	0.0
16	18588726	18588727	1			1624.0	0.0	1448.0	0.0	7.0	0.0
16	18588880	18588881	1			1525.0	0.0	1303.0	0.0	3.0	0.0
16	18588884	18588885	1			1511.0	0.0	1300.0	0.0	1.0	0.0
16	18588889	18588890	1			1494.0	0.0	1287.0	0.0	1.0	0.0
16	18588908	18588909	1			1424.0	0.0	1200.0	0.0	1.0	0.0
16	18624828	18624829	1			2062.0	0.0	1666.0	0.0	10.0	0.0
16	20802302	20802303	1			1340.0	0.0	1157.0	0.0	9.0	0.0
16	20804373	20804374	1			1705.0	0.0	1331.0	0.0	9.0	0.0
16	20804402	20804403	1			1688.0	0.0	1324.0	0.0	9.0	0.0
16	21205884	21205885	1			1089.0	0.0	899.0	0.0	6.0	0.0
16	21205921	21205922	1			1179.0	0.0	968.0	0.0	7.0	0.0
16	21247270	21247271	1			1498.0	0.0	1219.0	0.0	7.0	0.0
16	28596352	28596353	1			1555.0	0.0	1215.0	0.0	8.0	0.0
16	30171950	30171951	1			1599.0	0.0	1306.0	0.0	7.0	0.0
16	32696999	32697000	1			2008.0	0.0	1618.0	0.0	7.0	0.0
16	33755524	33755525	1			1862.0	0.0	1510.0	0.0	9.0	0.0
16	33755533	33755534	1			1957.0	0.0	1574.0	0.0	9.0	0.0
16	33755541	33755542	1			1975.0	0.0	1611.0	0.0	8.0	0.0
16	35156450	35156451	1			1012.0	0.0	823.0	0.0	4.0	0.0
16	35156456	35156457	1			1029.0	0.0	835.0	0.0	5.0	0.0
16	35156527	35156528	1			1070.0	0.0	913.0	0.0	3.0	0.0
16	35449625	35449626	1			1506.0	0.0	1194.0	0.0	3.0	0.0
16	44746673	44746674	1			1847.0	0.0	1531.0	0.0	8.0	0.0
16	58107088	58107089	1			1931.0	0.0	1627.0	0.0	10.0	0.0
16	65815006	65815007	1			1120.0	0.0	943.0	0.0	4.0	0.0
16	91447599	91447600	1			2390.0	0.0	1943.0	0.0	8.0	0.0
16	94123505	94123506	1			1695.0	0.0	1412.0	0.0	5.0	0.0
17	23743834	23743835	1			2497.0	0.0	2050.0	0.0	11.0	0.0
17	25568593	25568594	1			1145.0	0.0	901.0	0.0	6.0	0.0
17	25867240	25867241	1			2570.0	0.0	2133.0	0.0	9.0	0.0
17	26439060	26439061	1			1738.0	0.0	1506.0	0.0	7.0	0.0
17	26439069	26439070	1			1804.0	0.0	1556.0	0.0	9.0	0.0
17	26439082	26439083	1			1910.0	0.0	1649.0	0.0	9.0	0.0
17	26439139	26439140	1			1846.0	0.0	1617.0	0.0	14.0	0.0
17	26439144	26439145	1			1821.0	0.0	1599.0	0.0	14.0	0.0
17	26439179	26439180	1			1827.0	0.0	1613.0	0.0	10.0	0.0
17	26439181	26439182	1			1788.0	0.0	1568.0	0.0	10.0	0.0
17	26439269	26439270	1			1916.0	0.0	1667.0	0.0	6.0	0.0
17	28298325	28298326	1			1288.0	0.0	1012.0	0.0	2.0	0.0
17	28926372	28926373	1			1967.0	0.0	1617.0	0.0	7.0	0.0
17	29434835	29434836	1			1490.0	0.0	1161.0	0.0	3.0	0.0
17	29494637	29494638	1			2604.0	0.0	2163.0	0.0	7.0	0.0
17	32659592	32659593	1			1851.0	0.0	1495.0	0.0	5.0	0.0
17	34185742	34185743	1			2187.0	0.0	1834.0	0.0	5.0	0.0
17	35425290	35425291	1			3501.0	0.0	3028.0	0.0	16.0	0.0
17	35425346	35425347	1			3684.0	0.0	3208.0	0.0	16.0	0.0
17	35425376	35425377	1			2724.0	0.0	2394.0	0.0	13.0	0.0
17	35425822	35425823	1			3920.0	0.0	3157.0	0.0	6.0	0.0
17	35439620	35439621	1			2698.0	0.0	2224.0	0.0	11.0	0.0
17	35439634	35439635	1			2918.0	0.0	2421.0	0.0	9.0	0.0
17	35439648	35439649	1			3026.0	0.0	2513.0	0.0	8.0	0.0
17	35702277	35702278	1			1529.0	0.0	1259.0	0.0	6.0	0.0
17	36216209	36216210	1			1572.0	0.0	1289.0	0.0	6.0	0.0
17	36216216	36216217	1			1582.0	0.0	1296.0	0.0	6.0	0.0
17	36216219	36216220	1			1581.0	0.0	1295.0	0.0	6.0	0.0
17	36216241	36216242	1			1503.0	0.0	1228.0	0.0	7.0	0.0
17	36216394	36216395	1			1491.0	0.0	1186.0	0.0	4.0	0.0
17	41751583	41751584	1			756.0	0.0	612.0	0.0	2.0	0.0
17	44129495	44129496	1			2137.0	0.0	1801.0	0.0	6.0	0.0
17	44476055	44476056	1			1701.0	0.0	1387.0	0.0	5.0	0.0
17	49435258	49435259	1			2481.0	0.0	2156.0	0.0	12.0	0.0
17	56763026	56763027	1			671.0	0.0	542.0	0.0	4.0	0.0
17	62880466	62880467	1			481.0	0.0	326.0	0.0	1.0	0.0
17	62880471	62880472	1			500.0	0.0	330.0	0.0	1.0	0.0
17	62880473	62880474	1			500.0	0.0	334.0	0.0	1.0	0.0
17	62880488	62880489	1			598.0	0.0	422.0	0.0	0.0	0.0
17	68841158	68841159	1			1233.0	0.0	1022.0	0.0	8.0	0.0
17	68841181	68841182	1			1244.0	0.0	1002.0	0.0	8.0	0.0
17	68841184	68841185	1			1247.0	0.0	1010.0	0.0	8.0	0.0
17	69076034	69076035	1			1378.0	0.0	1105.0	0.0	4.0	0.0
17	69439607	69439608	1			600.0	0.0	455.0	0.0	0.0	0.0
17	71986386	71986387	1			1711.0	0.0	1399.0	0.0	6.0	0.0
17	85621802	85621803	1			1227.0	0.0	1019.0	0.0	5.0	0.0
17	85822113	85822114	1			1489.0	0.0	1250.0	0.0	2.0	0.0
17	88791846	88791847	1			1071.0	0.0	852.0	0.0	3.0	0.0
18	9213462	9213463	1			1349.0	0.0	1129.0	0.0	3.0	0.0
18	9213672	9213673	1			1462.0	0.0	1195.0	0.0	3.0	0.0
18	9213813	9213814	1			1425.0	0.0	1154.0	0.0	2.0	0.0
18	9213823	9213824	1			1421.0	0.0	1157.0	0.0	3.0	0.0
18	9213836	9213837	1			1391.0	0.0	1126.0	0.0	3.0	0.0
18	9214905	9214906	1			1606.0	0.0	1368.0	0.0	6.0	0.0
18	9214913	9214914	1			1607.0	0.0	1369.0	0.0	7.0	0.0
18	9214918	9214919	1			1613.0	0.0	1367.0	0.0	6.0	0.0
18	9215030	9215031	1			1947.0	0.0	1613.0	0.0	5.0	0.0
18	9215036	9215037	1			1876.0	0.0	1554.0	0.0	5.0	0.0
18	10441000	10441001	1			0.0	0.0	0.0	0.0	3.0	0.0
18	22343957	22343958	1			1031.0	0.0	913.0	0.0	3.0	0.0
18	22343961	22343962	1			1049.0	0.0	930.0	0.0	3.0	0.0
18	22344063	22344064	1			983.0	0.0	830.0	0.0	5.0	0.0
18	22344070	22344071	1			918.0	0.0	778.0	0.0	5.0	0.0
18	22344446	22344447	1			868.0	0.0	747.0	0.0	4.0	0.0
18	22344787	22344788	1			1084.0	0.0	825.0	0.0	7.0	0.0
18	25753144	25753145	1			839.0	0.0	652.0	0.0	1.0	0.0
18	31939300	31939301	1			1315.0	0.0	1108.0	0.0	5.0	0.0
18	38703335	38703336	1			2169.0	0.0	1769.0	0.0	6.0	0.0
18	42395730	42395731	1			1294.0	0.0	1022.0	0.0	11.0	0.0
18	58209809	58209810	1			1432.0	0.0	1150.0	0.0	1.0	0.0
18	58209988	58209989	1			1035.0	0.0	852.0	0.0	4.0	0.0
18	58210351	58210352	1			605.0	0.0	472.0	0.0	2.0	0.0
18	59175739	59175740	1			1058.0	0.0	887.0	0.0	4.0	0.0
18	59175742	59175743	1			1059.0	0.0	880.0	0.0	3.0	0.0
18	59175744	59175745	1			1041.0	0.0	875.0	0.0	3.0	0.0
18	61036161	61036162	1			1172.0	0.0	974.0	0.0	3.0	0.0
18	61036170	61036171	1			1167.0	0.0	967.0	0.0	3.0	0.0
18	61036373	61036374	1			1204.0	0.0	1025.0	0.0	6.0	0.0
18	61036382	61036383	1			1197.0	0.0	1023.0	0.0	6.0	0.0
18	61036401	61036402	1			1125.0	0.0	961.0	0.0	6.0	0.0
18	64345374	64345375	1			1511.0	0.0	1176.0	0.0	6.0	0.0
18	65501441	65501442	1			1538.0	0.0	1249.0	0.0	6.0	0.0
18	65505742	65505743	1			1949.0	0.0	1584.0	0.0	6.0	0.0
18	82545776	82545777	1			2030.0	0.0	1668.0	0.0	8.0	0.0
18	83051675	83051676	1			1532.0	0.0	1207.0	0.0	6.0	0.0
19	5071399	5071400	1			1150.0	0.0	910.0	0.0	6.0	0.0
19	5742376	5742377	1			1159.0	0.0	1046.0	0.0	0.0	0.0
19	5742398	5742399	1			1317.0	0.0	1172.0	0.0	1.0	0.0
19	5742406	5742407	1			1434.0	0.0	1294.0	0.0	2.0	0.0
19	5742503	5742504	1			1752.0	0.0	1547.0	0.0	5.0	0.0
19	5751034	5751035	1			2214.0	0.0	1771.0	0.0	4.0	0.0
19	5751185	5751186	1			2477.0	0.0	2041.0	0.0	6.0	0.0
19	5751200	5751201	1			2432.0	0.0	1988.0	0.0	5.0	0.0
19	5756855	5756856	1			985.0	0.0	744.0	0.0	1.0	0.0
19	5756862	5756863	1			1000.0	0.0	747.0	0.0	1.0	0.0
19	5756875	5756876	1			967.0	0.0	726.0	0.0	1.0	0.0
19	5756878	5756879	1			962.0	0.0	718.0	0.0	1.0	0.0
19	6565364	6565365	1			1346.0	0.0	1161.0	0.0	4.0	0.0
19	6830086	6830087	1			1484.0	0.0	1274.0	0.0	9.0	0.0
19	6830204	6830205	1			1641.0	0.0	1435.0	0.0	5.0	0.0
19	6830384	6830385	1			1697.0	0.0	1411.0	0.0	8.0	0.0
19	6830390	6830391	1			1709.0	0.0	1414.0	0.0	7.0	0.0
19	6830399	6830400	1			1683.0	0.0	1412.0	0.0	6.0	0.0
19	6830407	6830408	1			1615.0	0.0	1365.0	0.0	6.0	0.0
19	6934317	6934318	1			1693.0	0.0	1380.0	0.0	8.0	0.0
19	6995638	6995639	1			2688.0	0.0	2292.0	0.0	11.0	0.0
19	7096468	7096469	1			2136.0	0.0	1737.0	0.0	2.0	0.0
19	7423429	7423430	1			1406.0	0.0	1171.0	0.0	7.0	0.0
19	8965882	8965883	1			2724.0	0.0	2171.0	0.0	10.0	0.0
19	16870601	16870602	1			1409.0	0.0	1148.0	0.0	4.0	0.0
19	18624451	18624452	1			2692.0	0.0	2199.0	0.0	10.0	0.0
19	27217041	27217042	1			918.0	0.0	732.0	0.0	7.0	0.0
19	27217087	27217088	1			996.0	0.0	829.0	0.0	4.0	0.0
19	27217182	27217183	1			906.0	0.0	731.0	0.0	3.0	0.0
19	27217192	27217193	1			877.0	0.0	705.0	0.0	2.0	0.0
19	27217200	27217201	1			837.0	0.0	684.0	0.0	2.0	0.0
19	27217204	27217205	1			826.0	0.0	671.0	0.0	2.0	0.0
19	27217356	27217357	1			214.0	0.0	165.0	0.0	2.0	0.0
19	27217362	27217363	1			212.0	0.0	163.0	0.0	2.0	0.0
19	27217364	27217365	1			212.0	0.0	164.0	0.0	2.0	0.0
19	30451132	30451133	1			1848.0	0.0	1547.0	0.0	5.0	0.0
19	34746667	34746668	1			2008.0	0.0	1729.0	0.0	10.0	0.0
19	37693237	37693238	1			1598.0	0.0	1304.0	0.0	9.0	0.0
19	37693429	37693430	1			1780.0	0.0	1446.0	0.0	11.0	0.0
19	37697026	37697027	1			1648.0	0.0	1359.0	0.0	5.0	0.0
19	37918755	37918756	1			1325.0	0.0	1113.0	0.0	7.0	0.0
19	40487488	40487489	1			2823.0	0.0	2430.0	0.0	6.0	0.0
19	40487655	40487656	1			2248.0	0.0	1846.0	0.0	9.0	0.0
19	40487657	40487658	1			2214.0	0.0	1822.0	0.0	9.0	0.0
19	40487673	40487674	1			2070.0	0.0	1706.0	0.0	9.0	0.0
19	42755650	42755651	1			2001.0	0.0	1693.0	0.0	13.0	0.0
19	43601519	43601520	1			1520.0	0.0	1242.0	0.0	2.0	0.0
19	43833663	43833664	1			694.0	0.0	574.0	0.0	4.0	0.0
19	43833683	43833684	1			700.0	0.0	564.0	0.0	4.0	0.0
19	43927382	43927383	1			1670.0	0.0	1318.0	0.0	5.0	0.0
19	44760660	44760661	1			1035.0	0.0	811.0	0.0	3.0	0.0
19	45078654	45078655	1			1982.0	0.0	1652.0	0.0	6.0	0.0
19	56631595	56631596	1			1673.0	0.0	1416.0	0.0	2.0	0.0
19	61225504	61225505	1			767.0	0.0	683.0	0.0	6.0	0.0
19	61225523	61225524	1			788.0	0.0	720.0	0.0	6.0	0.0
19	61225535	61225536	1			783.0	0.0	718.0	0.0	6.0	0.0
19	61225625	61225626	1			705.0	0.0	650.0	0.0	3.0	0.0
19	61225630	61225631	1			711.0	0.0	655.0	0.0	3.0	0.0
19	61225643	61225644	1			706.0	0.0	635.0	0.0	3.0	0.0
19	61225646	61225647	1			710.0	0.0	637.0	0.0	4.0	0.0
19	61225696	61225697	1			634.0	0.0	554.0	0.0	3.0	0.0
19	61226250	61226251	1			1083.0	0.0	861.0	0.0	3.0	0.0
19	61226979	61226980	1			636.0	0.0	513.0	0.0	1.0	0.0
