Chr	Start	End	No. Probes	Features	Descriptions	Mean Custom_library	StDev Custom_library	Mean xGen_library	StDev xGen_library	Mean Noenrichment_library	StDev Noenrichment_library
1	13126776	13126777	1			55.124985	0.0	41.24727	0.0	0.15950783	0.0
1	13126897	13126898	1			46.342476	0.0	33.128464	0.0	0.045573663	0.0
1	13126903	13126904	1			47.036747	0.0	33.7817	0.0	0.045573663	0.0
1	13659712	13659713	1			79.52855	0.0	61.24877	0.0	0.25065514	0.0
1	15287263	15287264	1			32.24881	0.0	21.46351	0.0	0.022786831	0.0
1	16093353	16093354	1			32.42238	0.0	23.143263	0.0	0.045573663	0.0
1	42491877	42491878	1			45.925915	0.0	35.02596	0.0	0.06836049	0.0
1	42491879	42491880	1			45.64821	0.0	35.02596	0.0	0.06836049	0.0
1	42491910	42491911	1			48.008724	0.0	36.425755	0.0	0.11393416	0.0
1	42694085	42694086	1			41.65616	0.0	31.106537	0.0	0.06836049	0.0
1	42694763	42694764	1			25.444971	0.0	17.357449	0.0	0.045573663	0.0
1	42694802	42694803	1			24.334139	0.0	17.295235	0.0	0.022786831	0.0
1	42697622	42697623	1			28.15262	0.0	20.530315	0.0	0.06836049	0.0
1	55363538	55363539	1			32.387665	0.0	24.511951	0.0	0.045573663	0.0
1	55363551	55363552	1			32.943077	0.0	24.916336	0.0	0.045573663	0.0
1	55363555	55363556	1			34.192764	0.0	25.973959	0.0	0.045573663	0.0
1	55363577	55363578	1			35.442448	0.0	26.471663	0.0	0.06836049	0.0
1	58165381	58165382	1			60.436142	0.0	43.611366	0.0	0.15950783	0.0
1	63273207	63273208	1			20.550371	0.0	14.122368	0.0	0.06836049	0.0
1	63273286	63273287	1			25.722677	0.0	18.290644	0.0	0.06836049	0.0
1	63273288	63273289	1			25.375544	0.0	18.041792	0.0	0.06836049	0.0
1	63273291	63273292	1			25.167263	0.0	17.917366	0.0	0.06836049	0.0
1	63273312	63273313	1			23.188595	0.0	16.455359	0.0	0.06836049	0.0
1	74783810	74783811	1			50.438667	0.0	38.478786	0.0	0.15950783	0.0
1	75015945	75015946	1			57.763206	0.0	44.264603	0.0	0.18229465	0.0
1	85109189	85109190	1			123.4758	0.0	86.351746	0.0	0.3645893	0.0
1	89930356	89930357	1			33.949768	0.0	24.574165	0.0	0.06836049	0.0
1	89931151	89931152	1			48.008724	0.0	35.274815	0.0	0.11393416	0.0
1	89931154	89931155	1			47.731014	0.0	35.30592	0.0	0.091147326	0.0
1	89992391	89992392	1			33.012505	0.0	23.26769	0.0	0.022786831	0.0
1	101902585	101902586	1			61.060986	0.0	45.695503	0.0	0.13672099	0.0
1	109982672	109982673	1			19.404827	0.0	13.997942	0.0	0.022786831	0.0
1	109983103	109983104	1			33.949768	0.0	23.952034	0.0	0.11393416	0.0
1	109983111	109983112	1			32.179382	0.0	22.676666	0.0	0.11393416	0.0
1	109983116	109983117	1			31.242119	0.0	21.992321	0.0	0.11393416	0.0
1	112416723	112416724	1			44.67623	0.0	33.283997	0.0	0.13672099	0.0
1	120600185	120600186	1			53.944725	0.0	38.16772	0.0	0.20508148	0.0
1	126925769	126925770	1			63.768635	0.0	46.690914	0.0	0.13672099	0.0
1	132767697	132767698	1			71.30146	0.0	52.943325	0.0	0.31901565	0.0
1	132951989	132951990	1			59.360027	0.0	43.73579	0.0	0.11393416	0.0
1	134998387	134998388	1			36.935127	0.0	27.778137	0.0	0.045573663	0.0
1	135374460	135374461	1			53.49345	0.0	38.136616	0.0	0.13672099	0.0
1	152956175	152956176	1			44.537376	0.0	32.910717	0.0	0.13672099	0.0
1	157444638	157444639	1			56.79123	0.0	40.376286	0.0	0.11393416	0.0
1	164693668	164693669	1			0.0	0.0	0.0	0.0	0.06836049	0.0
1	179842633	179842634	1			49.258408	0.0	35.77252	0.0	0.091147326	0.0
1	184882832	184882833	1			45.47464	0.0	34.93264	0.0	0.11393416	0.0
1	185455119	185455120	1			34.95646	0.0	26.22281	0.0	0.091147326	0.0
1	185455219	185455220	1			39.573353	0.0	29.488997	0.0	0.06836049	0.0
1	185455370	185455371	1			44.537376	0.0	32.101948	0.0	0.091147326	0.0
2	6730156	6730157	1			67.066414	0.0	49.397182	0.0	0.11393416	0.0
2	7063783	7063784	1			60.227863	0.0	45.415543	0.0	0.20508148	0.0
2	9884576	9884577	1			44.502663	0.0	31.946413	0.0	0.091147326	0.0
2	16400594	16400595	1			35.96315	0.0	27.74703	0.0	0.091147326	0.0
2	21237200	21237201	1			66.85813	0.0	51.450214	0.0	0.15950783	0.0
2	29195635	29195636	1			41.309025	0.0	30.204447	0.0	0.11393416	0.0
2	29198493	29198494	1			65.43488	0.0	50.05042	0.0	0.20508148	0.0
2	30652644	30652645	1			34.95646	0.0	24.947443	0.0	0.11393416	0.0
2	30652665	30652666	1			37.247547	0.0	26.627195	0.0	0.11393416	0.0
2	30652730	30652731	1			33.915054	0.0	23.143263	0.0	0.06836049	0.0
2	33975929	33975930	1			50.19567	0.0	34.96375	0.0	0.13672099	0.0
2	37793601	37793602	1			45.127506	0.0	34.15498	0.0	0.022786831	0.0
2	54436805	54436806	1			36.24086	0.0	26.40945	0.0	0.091147326	0.0
2	54436939	54436940	1			46.099483	0.0	35.64809	0.0	0.045573663	0.0
2	54437069	54437070	1			55.958107	0.0	44.295708	0.0	0.11393416	0.0
2	54437205	54437206	1			75.050514	0.0	57.920372	0.0	0.27344197	0.0
2	57109445	57109446	1			75.60593	0.0	52.352303	0.0	0.15950783	0.0
2	57111362	57111363	1			48.77242	0.0	36.456863	0.0	0.06836049	0.0
2	57111388	57111389	1			50.99408	0.0	38.665424	0.0	0.022786831	0.0
2	57111502	57111503	1			63.456215	0.0	48.15292	0.0	0.091147326	0.0
2	57111641	57111642	1			51.618923	0.0	35.959156	0.0	0.15950783	0.0
2	57112007	57112008	1			60.92213	0.0	43.953537	0.0	0.11393416	0.0
2	57112041	57112042	1			60.991558	0.0	44.420135	0.0	0.091147326	0.0
2	59829395	59829396	1			48.87656	0.0	35.959156	0.0	0.06836049	0.0
2	61815602	61815603	1			19.543682	0.0	13.904622	0.0	0.022786831	0.0
2	61815608	61815609	1			20.585085	0.0	15.055564	0.0	0.022786831	0.0
2	61815777	61815778	1			32.24881	0.0	24.356419	0.0	0.06836049	0.0
2	63184154	63184155	1			27.805487	0.0	20.157036	0.0	0.0	0.0
2	63184156	63184157	1			28.15262	0.0	20.188143	0.0	0.0	0.0
2	63184163	63184164	1			30.096575	0.0	21.370192	0.0	0.045573663	0.0
2	63184233	63184234	1			31.589254	0.0	22.45892	0.0	0.091147326	0.0
2	63184245	63184246	1			30.027147	0.0	20.9347	0.0	0.091147326	0.0
2	63184273	63184274	1			19.994957	0.0	14.184581	0.0	0.091147326	0.0
2	68383838	68383839	1			72.20401	0.0	55.120785	0.0	0.20508148	0.0
2	74655649	74655650	1			34.26219	0.0	25.849533	0.0	0.091147326	0.0
2	74655825	74655826	1			33.186073	0.0	26.005066	0.0	0.06836049	0.0
2	74655990	74655991	1			42.628136	0.0	33.097355	0.0	0.11393416	0.0
2	74682449	74682450	1			38.56666	0.0	27.995884	0.0	0.045573663	0.0
2	74682458	74682459	1			38.913795	0.0	27.809244	0.0	0.045573663	0.0
2	75425568	75425569	1			59.151745	0.0	45.508865	0.0	0.11393416	0.0
2	77816430	77816431	1			32.24881	0.0	24.200886	0.0	0.091147326	0.0
2	77816438	77816439	1			33.220787	0.0	24.698591	0.0	0.091147326	0.0
2	77816575	77816576	1			37.94182	0.0	30.142235	0.0	0.11393416	0.0
2	77816583	77816584	1			37.94182	0.0	29.986702	0.0	0.11393416	0.0
2	77816782	77816783	1			39.920486	0.0	31.573135	0.0	0.091147326	0.0
2	77816901	77816902	1			30.65199	0.0	24.88523	0.0	0.091147326	0.0
2	77816917	77816918	1			30.686705	0.0	24.387526	0.0	0.091147326	0.0
2	84184889	84184890	1			50.57752	0.0	39.22534	0.0	0.13672099	0.0
2	91645789	91645790	1			80.70881	0.0	61.497623	0.0	0.18229465	0.0
2	93014386	93014387	1			52.452045	0.0	39.9719	0.0	0.045573663	0.0
2	93365728	93365729	1			60.574997	0.0	43.580257	0.0	0.091147326	0.0
2	93365751	93365752	1			62.58838	0.0	45.011158	0.0	0.091147326	0.0
2	122665822	122665823	1			42.66285	0.0	29.520103	0.0	0.15950783	0.0
2	124938346	124938347	1			49.258408	0.0	34.994854	0.0	0.06836049	0.0
2	127552852	127552853	1			57.589638	0.0	41.216164	0.0	0.045573663	0.0
2	130638074	130638075	1			64.462906	0.0	44.980053	0.0	0.045573663	0.0
2	130638082	130638083	1			64.39348	0.0	44.668987	0.0	0.045573663	0.0
2	130638090	130638091	1			63.90749	0.0	44.420135	0.0	0.045573663	0.0
2	130638097	130638098	1			64.15048	0.0	44.91784	0.0	0.045573663	0.0
2	131524854	131524855	1			63.629784	0.0	47.87296	0.0	0.15950783	0.0
2	131561342	131561343	1			49.77911	0.0	34.93264	0.0	0.091147326	0.0
2	133553339	133553340	1			39.642776	0.0	29.55121	0.0	0.091147326	0.0
2	133554552	133554553	1			43.009983	0.0	30.888792	0.0	0.091147326	0.0
2	133554559	133554560	1			43.738968	0.0	31.230963	0.0	0.06836049	0.0
2	133554566	133554567	1			46.446617	0.0	33.470634	0.0	0.06836049	0.0
2	133554575	133554576	1			48.633564	0.0	34.808216	0.0	0.06836049	0.0
2	133554672	133554673	1			21.24464	0.0	15.926547	0.0	0.022786831	0.0
2	143546106	143546107	1			21.591776	0.0	17.201916	0.0	0.06836049	0.0
2	143862630	143862631	1			44.537376	0.0	34.2483	0.0	0.15950783	0.0
2	147180836	147180837	1			31.519827	0.0	23.578754	0.0	0.06836049	0.0
2	147180936	147180937	1			30.513136	0.0	23.329903	0.0	0.045573663	0.0
2	152156224	152156225	1			43.35712	0.0	29.986702	0.0	0.18229465	0.0
2	153032202	153032203	1			34.64404	0.0	26.347237	0.0	0.06836049	0.0
2	154221007	154221008	1			61.442833	0.0	45.602184	0.0	0.15950783	0.0
2	158191198	158191199	1			66.68457	0.0	49.366074	0.0	0.25065514	0.0
2	158554597	158554598	1			72.1693	0.0	52.91222	0.0	0.13672099	0.0
2	163551657	163551658	1			54.604282	0.0	39.22534	0.0	0.06836049	0.0
2	164171874	164171875	1			52.76447	0.0	35.58588	0.0	0.11393416	0.0
2	165407774	165407775	1			69.531075	0.0	51.699066	0.0	0.13672099	0.0
2	168842301	168842302	1			40.996605	0.0	29.73785	0.0	0.15950783	0.0
2	172042259	172042260	1			38.18481	0.0	27.1249	0.0	0.091147326	0.0
2	178558221	178558222	1			57.346645	0.0	42.989235	0.0	0.11393416	0.0
2	180273934	180273935	1			77.61931	0.0	59.631233	0.0	0.13672099	0.0
2	180334000	180334001	1			45.196934	0.0	32.44412	0.0	0.18229465	0.0
2	180642035	180642036	1			29.159311	0.0	22.241175	0.0	0.11393416	0.0
3	14393935	14393936	1			66.61514	0.0	48.308453	0.0	0.18229465	0.0
3	17787694	17787695	1			74.04382	0.0	57.85816	0.0	0.22786832	0.0
3	23264181	23264182	1			0.0	0.0	0.0	0.0	0.11393416	0.0
3	29082965	29082966	1			36.692135	0.0	26.782728	0.0	0.06836049	0.0
3	29082967	29082968	1			36.44914	0.0	26.782728	0.0	0.06836049	0.0
3	29082969	29082970	1			36.900414	0.0	27.062687	0.0	0.06836049	0.0
3	29082978	29082979	1			36.24086	0.0	27.40486	0.0	0.06836049	0.0
3	29082984	29082985	1			37.28226	0.0	27.778137	0.0	0.06836049	0.0
3	45380703	45380704	1			62.137104	0.0	45.135586	0.0	0.11393416	0.0
3	50879680	50879681	1			63.942204	0.0	47.188618	0.0	0.22786832	0.0
3	52180554	52180555	1			60.540283	0.0	45.44665	0.0	0.11393416	0.0
3	62338866	62338867	1			29.471733	0.0	22.17896	0.0	0.11393416	0.0
3	62339346	62339347	1			44.016674	0.0	32.101948	0.0	0.091147326	0.0
3	62339361	62339362	1			42.385143	0.0	31.199858	0.0	0.11393416	0.0
3	62340384	62340385	1			62.032963	0.0	45.944355	0.0	0.15950783	0.0
3	62340390	62340391	1			61.442833	0.0	45.415543	0.0	0.13672099	0.0
3	82876385	82876386	1			30.96441	0.0	20.685846	0.0	0.022786831	0.0
3	84478979	84478980	1			60.748566	0.0	43.05145	0.0	0.045573663	0.0
3	84478982	84478983	1			60.713852	0.0	43.238087	0.0	0.045573663	0.0
3	95172676	95172677	1			36.587994	0.0	27.684818	0.0	0.091147326	0.0
3	95172681	95172682	1			36.796272	0.0	27.964777	0.0	0.091147326	0.0
3	95172730	95172731	1			44.502663	0.0	33.563953	0.0	0.11393416	0.0
3	95172735	95172736	1			44.224957	0.0	33.50174	0.0	0.11393416	0.0
3	95172756	95172757	1			43.634827	0.0	33.283997	0.0	0.091147326	0.0
3	95172904	95172905	1			49.77911	0.0	38.789852	0.0	0.091147326	0.0
3	95172909	95172910	1			49.917965	0.0	38.44768	0.0	0.06836049	0.0
3	95172916	95172917	1			50.09153	0.0	38.35436	0.0	0.091147326	0.0
3	95172930	95172931	1			50.47338	0.0	39.194237	0.0	0.091147326	0.0
3	95172936	95172937	1			51.75778	0.0	40.034115	0.0	0.091147326	0.0
3	95172938	95172939	1			51.410645	0.0	40.096325	0.0	0.091147326	0.0
3	95172946	95172947	1			51.37593	0.0	39.660835	0.0	0.091147326	0.0
3	95173031	95173032	1			53.458736	0.0	41.278374	0.0	0.13672099	0.0
3	95173042	95173043	1			53.59759	0.0	41.216164	0.0	0.13672099	0.0
3	95173045	95173046	1			53.215744	0.0	40.905098	0.0	0.13672099	0.0
3	95173052	95173053	1			54.25715	0.0	42.11825	0.0	0.13672099	0.0
3	95173055	95173056	1			53.97944	0.0	41.4028	0.0	0.13672099	0.0
3	95173076	95173077	1			54.465427	0.0	41.96272	0.0	0.13672099	0.0
3	95173166	95173167	1			49.327835	0.0	37.514484	0.0	0.06836049	0.0
3	95173171	95173172	1			49.36255	0.0	37.265633	0.0	0.06836049	0.0
3	95173181	95173182	1			48.008724	0.0	36.456863	0.0	0.06836049	0.0
3	95173187	95173188	1			47.661587	0.0	36.27022	0.0	0.06836049	0.0
3	95173302	95173303	1			45.78706	0.0	35.243706	0.0	0.13672099	0.0
3	95173313	95173314	1			46.96732	0.0	35.803623	0.0	0.11393416	0.0
3	95173318	95173319	1			46.48133	0.0	34.93264	0.0	0.11393416	0.0
3	95173328	95173329	1			47.07146	0.0	35.77252	0.0	0.091147326	0.0
3	95173340	95173341	1			47.522736	0.0	35.18149	0.0	0.091147326	0.0
3	95173504	95173505	1			48.39057	0.0	33.190674	0.0	0.15950783	0.0
3	95530366	95530367	1			39.885773	0.0	28.02699	0.0	0.13672099	0.0
3	98991488	98991489	1			53.28517	0.0	38.91428	0.0	0.18229465	0.0
3	100395083	100395084	1			44.815083	0.0	32.475224	0.0	0.18229465	0.0
3	101367450	101367451	1			47.765728	0.0	35.492558	0.0	0.15950783	0.0
3	124320980	124320981	1			56.7218	0.0	42.180466	0.0	0.20508148	0.0
3	124320988	124320989	1			56.235813	0.0	42.149357	0.0	0.20508148	0.0
3	124321088	124321089	1			61.51226	0.0	48.121815	0.0	0.15950783	0.0
3	124321111	124321112	1			62.623093	0.0	48.712837	0.0	0.13672099	0.0
3	124321130	124321131	1			60.956844	0.0	47.904068	0.0	0.11393416	0.0
3	124321261	124321262	1			60.19315	0.0	45.944355	0.0	0.20508148	0.0
3	124321263	124321264	1			60.262577	0.0	46.099888	0.0	0.20508148	0.0
3	127123714	127123715	1			54.25715	0.0	41.216164	0.0	0.091147326	0.0
3	132871461	132871462	1			71.30146	0.0	55.24521	0.0	0.20508148	0.0
3	135698636	135698637	1			75.501785	0.0	53.565456	0.0	0.20508148	0.0
3	137827749	137827750	1			49.327835	0.0	35.710304	0.0	0.15950783	0.0
3	138644699	138644700	1			46.96732	0.0	33.937233	0.0	0.15950783	0.0
3	148918425	148918426	1			65.01832	0.0	46.784233	0.0	0.11393416	0.0
3	158561353	158561354	1			36.692135	0.0	27.435966	0.0	0.091147326	0.0
3	158561360	158561361	1			38.1501	0.0	27.964777	0.0	0.091147326	0.0
3	158561364	158561365	1			38.011246	0.0	28.369162	0.0	0.091147326	0.0
3	158561373	158561374	1			38.77494	0.0	29.146826	0.0	0.091147326	0.0
3	158561376	158561377	1			38.983223	0.0	29.115719	0.0	0.11393416	0.0
3	158561378	158561379	1			38.809654	0.0	29.302359	0.0	0.11393416	0.0
3	158561384	158561385	1			38.46252	0.0	29.053505	0.0	0.11393416	0.0
3	158561388	158561389	1			38.18481	0.0	28.773546	0.0	0.11393416	0.0
4	8939035	8939036	1			60.991558	0.0	43.580257	0.0	0.15950783	0.0
4	25799668	25799669	1			40.58004	0.0	30.173342	0.0	0.06836049	0.0
4	25799685	25799686	1			40.059338	0.0	29.520103	0.0	0.045573663	0.0
4	25799805	25799806	1			24.403566	0.0	17.88626	0.0	0.045573663	0.0
4	25799813	25799814	1			22.910887	0.0	16.828636	0.0	0.045573663	0.0
4	32165321	32165322	1			59.360027	0.0	44.637882	0.0	0.15950783	0.0
4	43425437	43425438	1			73.00242	0.0	54.405334	0.0	0.18229465	0.0
4	43632236	43632237	1			61.442833	0.0	48.58841	0.0	0.13672099	0.0
4	43632367	43632368	1			68.03839	0.0	51.885704	0.0	0.11393416	0.0
4	43632400	43632401	1			67.62183	0.0	51.13915	0.0	0.11393416	0.0
4	45846901	45846902	1			65.92087	0.0	49.086117	0.0	0.045573663	0.0
4	46343917	46343918	1			39.399784	0.0	29.457891	0.0	0.11393416	0.0
4	46344139	46344140	1			24.299425	0.0	18.290644	0.0	0.045573663	0.0
4	46344273	46344274	1			31.519827	0.0	24.014246	0.0	0.091147326	0.0
4	46344276	46344277	1			31.797535	0.0	24.511951	0.0	0.091147326	0.0
4	53264088	53264089	1			55.749825	0.0	39.81637	0.0	0.18229465	0.0
4	58206296	58206297	1			45.335785	0.0	34.092766	0.0	0.11393416	0.0
4	62625798	62625799	1			72.065155	0.0	52.507835	0.0	0.045573663	0.0
4	63256946	63256947	1			61.37341	0.0	45.63329	0.0	0.20508148	0.0
4	74013920	74013921	1			45.856487	0.0	32.848503	0.0	0.20508148	0.0
4	76449539	76449540	1			46.724323	0.0	33.470634	0.0	0.091147326	0.0
4	76449545	76449546	1			47.14089	0.0	33.999447	0.0	0.091147326	0.0
4	76449811	76449812	1			42.83642	0.0	33.53285	0.0	0.15950783	0.0
4	76449815	76449816	1			42.87113	0.0	33.004036	0.0	0.15950783	0.0
4	76449820	76449821	1			43.322407	0.0	33.346207	0.0	0.15950783	0.0
4	76449927	76449928	1			33.32493	0.0	26.005066	0.0	0.06836049	0.0
4	76449945	76449946	1			32.040527	0.0	24.511951	0.0	0.06836049	0.0
4	76449947	76449948	1			32.07524	0.0	24.511951	0.0	0.06836049	0.0
4	76449949	76449950	1			32.24881	0.0	24.79191	0.0	0.06836049	0.0
4	76449951	76449952	1			32.005814	0.0	24.636377	0.0	0.06836049	0.0
4	76449960	76449961	1			31.65868	0.0	24.294205	0.0	0.06836049	0.0
4	76450474	76450475	1			48.945988	0.0	35.865837	0.0	0.022786831	0.0
4	78212176	78212177	1			32.630657	0.0	25.227402	0.0	0.091147326	0.0
4	78212190	78212191	1			33.04722	0.0	25.538467	0.0	0.091147326	0.0
4	78212204	78212205	1			33.602634	0.0	26.129492	0.0	0.091147326	0.0
4	81442919	81442920	1			35.407734	0.0	26.347237	0.0	0.045573663	0.0
4	81442935	81442936	1			38.011246	0.0	27.373753	0.0	0.045573663	0.0
4	81442938	81442939	1			38.497234	0.0	27.715925	0.0	0.045573663	0.0
4	83285066	83285067	1			55.88868	0.0	39.100918	0.0	0.13672099	0.0
4	83512415	83512416	1			56.235813	0.0	40.251858	0.0	0.20508148	0.0
4	83512420	83512421	1			56.444096	0.0	40.220753	0.0	0.18229465	0.0
4	83512457	83512458	1			55.29855	0.0	39.411983	0.0	0.11393416	0.0
4	91400608	91400609	1			31.936388	0.0	22.801092	0.0	0.022786831	0.0
4	99653663	99653664	1			53.146317	0.0	38.35436	0.0	0.22786832	0.0
4	99656957	99656958	1			42.24629	0.0	32.724075	0.0	0.11393416	0.0
4	99656966	99656967	1			43.25298	0.0	33.563953	0.0	0.11393416	0.0
4	99657098	99657099	1			52.452045	0.0	39.474197	0.0	0.06836049	0.0
4	99657114	99657115	1			52.833897	0.0	39.660835	0.0	0.06836049	0.0
4	99657129	99657130	1			48.18229	0.0	35.896942	0.0	0.06836049	0.0
4	105175579	105175580	1			63.80335	0.0	47.31304	0.0	0.091147326	0.0
4	105175583	105175584	1			64.25462	0.0	47.375256	0.0	0.06836049	0.0
4	105175587	105175588	1			60.50557	0.0	45.10448	0.0	0.091147326	0.0
4	109974787	109974788	1			56.47881	0.0	43.860218	0.0	0.13672099	0.0
4	114912872	114912873	1			54.08358	0.0	38.229935	0.0	0.13672099	0.0
4	114912894	114912895	1			53.701733	0.0	37.296738	0.0	0.13672099	0.0
4	114912901	114912902	1			53.424023	0.0	36.83014	0.0	0.11393416	0.0
4	117749676	117749677	1			34.47047	0.0	25.32072	0.0	0.06836049	0.0
4	120304702	120304703	1			50.542805	0.0	37.949974	0.0	0.11393416	0.0
4	120369702	120369703	1			55.88868	0.0	41.185055	0.0	0.045573663	0.0
4	123105030	123105031	1			39.608063	0.0	27.529285	0.0	0.11393416	0.0
4	123105166	123105167	1			54.153008	0.0	39.411983	0.0	0.06836049	0.0
4	123105343	123105344	1			51.16765	0.0	37.763336	0.0	0.045573663	0.0
4	123105398	123105399	1			51.202362	0.0	38.198826	0.0	0.022786831	0.0
4	123105407	123105408	1			51.931343	0.0	38.572105	0.0	0.06836049	0.0
4	123105410	123105411	1			51.723064	0.0	38.541	0.0	0.06836049	0.0
4	123105471	123105472	1			50.126244	0.0	36.799034	0.0	0.045573663	0.0
4	123105473	123105474	1			49.60554	0.0	36.705715	0.0	0.045573663	0.0
4	123105492	123105493	1			49.18898	0.0	36.176903	0.0	0.045573663	0.0
4	124594956	124594957	1			30.96441	0.0	21.432404	0.0	0.091147326	0.0
4	127419212	127419213	1			46.307762	0.0	34.092766	0.0	0.091147326	0.0
4	127971649	127971650	1			37.698822	0.0	27.03158	0.0	0.13672099	0.0
4	129020517	129020518	1			66.02501	0.0	51.29468	0.0	0.13672099	0.0
4	130037399	130037400	1			63.976917	0.0	48.5262	0.0	0.20508148	0.0
4	131916023	131916024	1			37.976532	0.0	26.627195	0.0	0.091147326	0.0
4	131916035	131916036	1			42.003292	0.0	29.426785	0.0	0.11393416	0.0
4	131916207	131916208	1			76.8209	0.0	55.742916	0.0	0.18229465	0.0
4	132181860	132181861	1			51.37593	0.0	38.29215	0.0	0.091147326	0.0
4	133579872	133579873	1			52.382618	0.0	37.01678	0.0	0.06836049	0.0
4	134402500	134402501	1			56.131676	0.0	42.056038	0.0	0.15950783	0.0
4	134402541	134402542	1			56.756516	0.0	41.96272	0.0	0.11393416	0.0
4	134407525	134407526	1			82.201485	0.0	62.835205	0.0	0.25065514	0.0
4	135155356	135155357	1			39.295643	0.0	27.342646	0.0	0.06836049	0.0
4	136234385	136234386	1			63.213223	0.0	44.10907	0.0	0.15950783	0.0
4	137189526	137189527	1			55.88868	0.0	39.78526	0.0	0.091147326	0.0
4	138453300	138453301	1			36.06729	0.0	24.543058	0.0	0.091147326	0.0
4	140658270	140658271	1			58.735184	0.0	44.264603	0.0	0.15950783	0.0
4	140661773	140661774	1			48.529427	0.0	36.083584	0.0	0.18229465	0.0
4	140661777	140661778	1			48.321144	0.0	35.896942	0.0	0.18229465	0.0
4	140661781	140661782	1			48.529427	0.0	35.834732	0.0	0.18229465	0.0
4	140661785	140661786	1			48.321144	0.0	35.64809	0.0	0.18229465	0.0
4	140661789	140661790	1			48.425285	0.0	35.492558	0.0	0.18229465	0.0
4	140661793	140661794	1			48.28643	0.0	35.741413	0.0	0.13672099	0.0
4	140661950	140661951	1			55.6804	0.0	40.500713	0.0	0.18229465	0.0
4	140750337	140750338	1			57.277218	0.0	44.45124	0.0	0.11393416	0.0
4	140750464	140750465	1			57.103653	0.0	44.45124	0.0	0.091147326	0.0
4	140750480	140750481	1			57.79792	0.0	44.637882	0.0	0.091147326	0.0
4	140750534	140750535	1			49.327835	0.0	38.136616	0.0	0.06836049	0.0
4	140750545	140750546	1			50.542805	0.0	40.06522	0.0	0.11393416	0.0
4	140750679	140750680	1			52.833897	0.0	40.68735	0.0	0.045573663	0.0
4	140750714	140750715	1			51.132935	0.0	39.318665	0.0	0.091147326	0.0
4	142095587	142095588	1			51.58421	0.0	37.79444	0.0	0.20508148	0.0
4	146067279	146067280	1			70.22534	0.0	49.739353	0.0	0.13672099	0.0
4	146067697	146067698	1			64.636475	0.0	46.193207	0.0	0.18229465	0.0
4	146067706	146067707	1			66.268005	0.0	46.908657	0.0	0.18229465	0.0
4	146067783	146067784	1			69.18394	0.0	49.086117	0.0	0.20508148	0.0
4	146067790	146067791	1			66.719284	0.0	47.748535	0.0	0.18229465	0.0
4	146475324	146475325	1			76.89033	0.0	51.761276	0.0	0.091147326	0.0
4	147275538	147275539	1			104.695816	0.0	72.3227	0.0	0.27344197	0.0
4	147275542	147275543	1			103.8974	0.0	71.32729	0.0	0.27344197	0.0
4	147276021	147276022	1			75.81421	0.0	54.06316	0.0	0.06836049	0.0
4	147276023	147276024	1			75.5365	0.0	53.658775	0.0	0.06836049	0.0
4	147738779	147738780	1			65.40017	0.0	47.31304	0.0	0.15950783	0.0
4	148070112	148070113	1			60.852707	0.0	45.353333	0.0	0.15950783	0.0
4	148952382	148952383	1			45.752346	0.0	34.87043	0.0	0.091147326	0.0
4	148952391	148952392	1			46.27305	0.0	35.368134	0.0	0.091147326	0.0
4	148952689	148952690	1			38.080673	0.0	30.08002	0.0	0.06836049	0.0
4	148952695	148952696	1			37.247547	0.0	29.209038	0.0	0.045573663	0.0
4	148952705	148952706	1			37.03927	0.0	29.457891	0.0	0.06836049	0.0
4	152375020	152375021	1			37.525257	0.0	27.964777	0.0	0.06836049	0.0
4	152375120	152375121	1			52.00077	0.0	37.63891	0.0	0.22786832	0.0
4	154641327	154641328	1			60.054295	0.0	42.460423	0.0	0.091147326	0.0
4	155345572	155345573	1			49.848537	0.0	35.150387	0.0	0.13672099	0.0
4	156234042	156234043	1			72.794136	0.0	54.498653	0.0	0.13672099	0.0
4	156234058	156234059	1			75.43236	0.0	57.20492	0.0	0.11393416	0.0
4	156234071	156234072	1			73.83554	0.0	55.929554	0.0	0.13672099	0.0
5	3193814	3193815	1			61.442833	0.0	44.264603	0.0	0.2962288	0.0
5	14025270	14025271	1			37.698822	0.0	26.471663	0.0	0.022786831	0.0
5	15935471	15935472	1			46.411903	0.0	34.341618	0.0	0.045573663	0.0
5	21373040	21373041	1			62.449524	0.0	45.53997	0.0	0.15950783	0.0
5	24383330	24383331	1			67.86482	0.0	51.419106	0.0	0.15950783	0.0
5	27261779	27261780	1			53.146317	0.0	39.754154	0.0	0.15950783	0.0
5	34322813	34322814	1			76.64733	0.0	54.43644	0.0	0.15950783	0.0
5	36252140	36252141	1			60.36672	0.0	40.469604	0.0	0.13672099	0.0
5	37890722	37890723	1			54.222435	0.0	40.376286	0.0	0.11393416	0.0
5	50034059	50034060	1			66.05972	0.0	51.325787	0.0	0.22786832	0.0
5	64045677	64045678	1			24.993696	0.0	18.50839	0.0	0.0	0.0
5	69340452	69340453	1			62.032963	0.0	45.508865	0.0	0.11393416	0.0
5	69341468	69341469	1			44.190243	0.0	34.15498	0.0	0.11393416	0.0
5	69341606	69341607	1			25.826818	0.0	18.010685	0.0	0.06836049	0.0
5	71095917	71095918	1			31.65868	0.0	23.54765	0.0	0.022786831	0.0
5	72219795	72219796	1			71.787445	0.0	52.134556	0.0	0.25065514	0.0
5	73538999	73539000	1			60.401432	0.0	43.82911	0.0	0.045573663	0.0
5	73649677	73649678	1			0.0	0.0	0.0	0.0	0.022786831	0.0
5	75922099	75922100	1			55.055557	0.0	39.72305	0.0	0.091147326	0.0
5	77532700	77532701	1			54.361286	0.0	40.251858	0.0	0.06836049	0.0
5	81020087	81020088	1			7.220401	0.0	4.448235	0.0	0.0	0.0
5	81021813	81021814	1			46.134197	0.0	34.59047	0.0	0.11393416	0.0
5	81022128	81022129	1			58.006203	0.0	44.700092	0.0	0.15950783	0.0
5	84416486	84416487	1			43.35712	0.0	31.230963	0.0	0.06836049	0.0
5	86793012	86793013	1			60.19315	0.0	44.54456	0.0	0.2962288	0.0
5	89882480	89882481	1			27.666632	0.0	20.779167	0.0	0.13672099	0.0
5	89882485	89882486	1			27.94434	0.0	20.84138	0.0	0.13672099	0.0
5	89882568	89882569	1			26.937649	0.0	19.877077	0.0	0.091147326	0.0
5	92928120	92928121	1			59.46417	0.0	42.958126	0.0	0.25065514	0.0
5	97935757	97935758	1			55.194412	0.0	40.998417	0.0	0.15950783	0.0
5	101765662	101765663	1			38.011246	0.0	28.83576	0.0	0.022786831	0.0
5	101765668	101765669	1			38.219524	0.0	29.146826	0.0	0.022786831	0.0
5	101765744	101765745	1			48.529427	0.0	37.01678	0.0	0.045573663	0.0
5	101765788	101765789	1			37.14341	0.0	28.431376	0.0	0.06836049	0.0
5	101826817	101826818	1			49.60554	0.0	33.15957	0.0	0.091147326	0.0
5	105792837	105792838	1			75.501785	0.0	57.85816	0.0	0.15950783	0.0
5	111229233	111229234	1			64.983604	0.0	47.0953	0.0	0.22786832	0.0
5	111418846	111418847	1			61.824684	0.0	42.77149	0.0	0.091147326	0.0
5	111419226	111419227	1			52.729755	0.0	39.9719	0.0	0.06836049	0.0
5	111419262	111419263	1			61.859394	0.0	46.53538	0.0	0.13672099	0.0
5	111419268	111419269	1			63.00494	0.0	47.748535	0.0	0.11393416	0.0
5	111419353	111419354	1			72.30815	0.0	55.991768	0.0	0.22786832	0.0
5	111419369	111419370	1			72.30815	0.0	55.96066	0.0	0.22786832	0.0
5	111419488	111419489	1			70.57248	0.0	51.605743	0.0	0.22786832	0.0
5	111419502	111419503	1			70.60719	0.0	51.512424	0.0	0.20508148	0.0
5	111419504	111419505	1			70.19063	0.0	51.01472	0.0	0.20508148	0.0
5	111419939	111419940	1			67.30941	0.0	51.10804	0.0	0.11393416	0.0
5	111419941	111419942	1			67.066414	0.0	51.325787	0.0	0.11393416	0.0
5	111419953	111419954	1			65.29603	0.0	50.828083	0.0	0.11393416	0.0
5	111420067	111420068	1			64.7059	0.0	50.29927	0.0	0.15950783	0.0
5	111420070	111420071	1			66.05972	0.0	51.170254	0.0	0.15950783	0.0
5	111420072	111420073	1			66.85813	0.0	51.73017	0.0	0.18229465	0.0
5	111420081	111420082	1			66.64986	0.0	51.232468	0.0	0.18229465	0.0
5	111420096	111420097	1			65.78202	0.0	50.548122	0.0	0.15950783	0.0
5	111420100	111420101	1			66.441574	0.0	51.48132	0.0	0.15950783	0.0
5	111420202	111420203	1			66.23329	0.0	50.67255	0.0	0.22786832	0.0
5	111420213	111420214	1			64.87947	0.0	49.459393	0.0	0.22786832	0.0
5	111420217	111420218	1			64.39348	0.0	48.681732	0.0	0.22786832	0.0
5	112979308	112979309	1			58.943466	0.0	43.424725	0.0	0.06836049	0.0
5	114127491	114127492	1			63.768635	0.0	46.37985	0.0	0.18229465	0.0
5	115208111	115208112	1			18.363424	0.0	11.447206	0.0	0.045573663	0.0
5	115533582	115533583	1			77.51517	0.0	54.747505	0.0	0.15950783	0.0
5	116591634	116591635	1			17.044312	0.0	12.100443	0.0	0.045573663	0.0
5	117308078	117308079	1			46.307762	0.0	33.7817	0.0	0.15950783	0.0
5	117593516	117593517	1			51.966057	0.0	38.105507	0.0	0.091147326	0.0
5	120462994	120462995	1			25.479683	0.0	18.726135	0.0	0.091147326	0.0
5	120463254	120463255	1			41.031315	0.0	28.524694	0.0	0.13672099	0.0
5	120579817	120579818	1			89.42189	0.0	67.252335	0.0	0.27344197	0.0
5	122950716	122950717	1			43.287693	0.0	33.812805	0.0	0.06836049	0.0
5	125403866	125403867	1			70.780754	0.0	50.57923	0.0	0.06836049	0.0
5	125918109	125918110	1			55.194412	0.0	40.127434	0.0	0.13672099	0.0
5	128601886	128601887	1			59.2906	0.0	42.647064	0.0	0.15950783	0.0
5	129155543	129155544	1			32.769512	0.0	23.36101	0.0	0.045573663	0.0
5	131307390	131307391	1			19.613108	0.0	14.526752	0.0	0.0	0.0
5	131307485	131307486	1			41.7603	0.0	32.101948	0.0	0.045573663	0.0
5	131307529	131307530	1			48.043438	0.0	37.5767	0.0	0.06836049	0.0
5	131307602	131307603	1			50.99408	0.0	40.06522	0.0	0.11393416	0.0
5	131537080	131537081	1			43.25298	0.0	31.26207	0.0	0.15950783	0.0
5	131537549	131537550	1			22.286045	0.0	16.766424	0.0	0.06836049	0.0
5	131538133	131538134	1			28.465042	0.0	21.152445	0.0	0.15950783	0.0
5	131538140	131538141	1			28.083193	0.0	20.965807	0.0	0.15950783	0.0
5	131538153	131538154	1			27.562492	0.0	20.405888	0.0	0.15950783	0.0
5	131538167	131538168	1			25.028408	0.0	18.290644	0.0	0.15950783	0.0
5	135022223	135022224	1			60.88742	0.0	42.336	0.0	0.15950783	0.0
5	135022237	135022238	1			62.310673	0.0	42.77149	0.0	0.13672099	0.0
5	135022262	135022263	1			58.075626	0.0	39.72305	0.0	0.091147326	0.0
5	135022268	135022269	1			56.270527	0.0	38.44768	0.0	0.091147326	0.0
5	137091163	137091164	1			74.94637	0.0	54.7164	0.0	0.13672099	0.0
5	137310258	137310259	1			50.646946	0.0	37.265633	0.0	0.13672099	0.0
5	142963620	142963621	1			39.087364	0.0	28.338055	0.0	0.15950783	0.0
5	143253193	143253194	1			51.132935	0.0	37.981083	0.0	0.091147326	0.0
5	146461780	146461781	1			51.16765	0.0	37.670017	0.0	0.15950783	0.0
5	148809376	148809377	1			58.422764	0.0	42.180466	0.0	0.091147326	0.0
5	150599707	150599708	1			55.194412	0.0	42.989235	0.0	0.06836049	0.0
6	6299369	6299370	1			64.56705	0.0	47.31304	0.0	0.18229465	0.0
6	8957108	8957109	1			51.306503	0.0	39.474197	0.0	0.11393416	0.0
6	23247720	23247721	1			43.98196	0.0	31.728668	0.0	0.11393416	0.0
6	25690151	25690152	1			41.829727	0.0	29.115719	0.0	0.091147326	0.0
6	25690201	25690202	1			44.98865	0.0	31.26207	0.0	0.15950783	0.0
6	28114365	28114366	1			71.336174	0.0	52.881115	0.0	0.22786832	0.0
6	29496474	29496475	1			49.46669	0.0	37.390057	0.0	0.06836049	0.0
6	31208190	31208191	1			59.70716	0.0	43.549152	0.0	0.2962288	0.0
6	31613185	31613186	1			63.59507	0.0	48.339558	0.0	0.15950783	0.0
6	51012356	51012357	1			54.638996	0.0	38.72764	0.0	0.091147326	0.0
6	57929686	57929687	1			47.592163	0.0	34.87043	0.0	0.18229465	0.0
6	63257364	63257365	1			39.712204	0.0	29.36457	0.0	0.091147326	0.0
6	63257475	63257476	1			38.393093	0.0	28.64912	0.0	0.091147326	0.0
6	63257484	63257485	1			38.844368	0.0	29.0224	0.0	0.091147326	0.0
6	63257495	63257496	1			35.338306	0.0	26.813835	0.0	0.06836049	0.0
6	72676083	72676084	1			62.41481	0.0	48.49509	0.0	0.13672099	0.0
6	82091890	82091891	1			56.166386	0.0	41.309483	0.0	0.18229465	0.0
6	83135560	83135561	1			72.89828	0.0	52.57005	0.0	0.20508148	0.0
6	83161434	83161435	1			81.50722	0.0	59.0091	0.0	0.18229465	0.0
6	83161570	83161571	1			70.91961	0.0	52.974434	0.0	0.18229465	0.0
6	83161660	83161661	1			69.42693	0.0	50.112633	0.0	0.27344197	0.0
6	83161669	83161670	1			67.86482	0.0	48.681732	0.0	0.27344197	0.0
6	83161684	83161685	1			61.060986	0.0	44.01575	0.0	0.25065514	0.0
6	83161925	83161926	1			65.816734	0.0	49.366074	0.0	0.20508148	0.0
6	83161927	83161928	1			66.268005	0.0	49.521606	0.0	0.20508148	0.0
6	83702581	83702582	1			41.517303	0.0	29.955595	0.0	0.13672099	0.0
6	84266818	84266819	1			55.020844	0.0	39.72305	0.0	0.13672099	0.0
6	86505758	86505759	1			66.892845	0.0	49.58382	0.0	0.13672099	0.0
6	88019697	88019698	1			43.426544	0.0	31.63535	0.0	0.022786831	0.0
6	88194839	88194840	1			57.138363	0.0	43.922432	0.0	0.06836049	0.0
6	88197447	88197448	1			46.86318	0.0	33.7817	0.0	0.15950783	0.0
6	88200056	88200057	1			49.119553	0.0	35.30592	0.0	0.06836049	0.0
6	88200141	88200142	1			48.87656	0.0	36.425755	0.0	0.06836049	0.0
6	88242707	88242708	1			47.002033	0.0	32.59965	0.0	0.15950783	0.0
6	90550208	90550209	1			78.45243	0.0	56.48947	0.0	0.13672099	0.0
6	90550611	90550612	1			57.4855	0.0	43.39362	0.0	0.2962288	0.0
6	90550751	90550752	1			45.439926	0.0	34.68379	0.0	0.15950783	0.0
6	94281701	94281702	1			61.51226	0.0	44.20239	0.0	0.11393416	0.0
6	94283879	94283880	1			29.263453	0.0	20.903593	0.0	0.022786831	0.0
6	94283886	94283887	1			28.916317	0.0	20.685846	0.0	0.022786831	0.0
6	94283896	94283897	1			28.013767	0.0	19.752651	0.0	0.0	0.0
6	105677846	105677847	1			45.64821	0.0	32.288586	0.0	0.11393416	0.0
6	110645864	110645865	1			30.617277	0.0	22.925518	0.0	0.11393416	0.0
6	110645892	110645893	1			37.525257	0.0	28.213629	0.0	0.15950783	0.0
6	110645953	110645954	1			31.797535	0.0	23.54765	0.0	0.13672099	0.0
6	110645962	110645963	1			30.96441	0.0	23.329903	0.0	0.13672099	0.0
6	110645964	110645965	1			30.721416	0.0	23.143263	0.0	0.11393416	0.0
6	110645966	110645967	1			30.408997	0.0	22.64556	0.0	0.11393416	0.0
6	114738433	114738434	1			45.57878	0.0	33.75059	0.0	0.11393416	0.0
6	114738601	114738602	1			47.349167	0.0	35.959156	0.0	0.06836049	0.0
6	122609506	122609507	1			39.156788	0.0	28.804653	0.0	0.091147326	0.0
6	122609508	122609509	1			39.46921	0.0	29.240145	0.0	0.091147326	0.0
6	122609523	122609524	1			41.031315	0.0	30.26666	0.0	0.06836049	0.0
6	122609544	122609545	1			41.100742	0.0	29.675636	0.0	0.11393416	0.0
6	125410705	125410706	1			73.2107	0.0	55.587383	0.0	0.18229465	0.0
6	129451759	129451760	1			67.10113	0.0	50.237057	0.0	0.22786832	0.0
6	134388730	134388731	1			29.089884	0.0	22.147854	0.0	0.091147326	0.0
6	134388746	134388747	1			31.65868	0.0	23.920927	0.0	0.091147326	0.0
6	142702087	142702088	1			60.436142	0.0	43.73579	0.0	0.11393416	0.0
6	145710152	145710153	1			51.410645	0.0	37.296738	0.0	0.11393416	0.0
7	4845027	4845028	1			36.44914	0.0	26.596088	0.0	0.06836049	0.0
7	4845044	4845045	1			39.712204	0.0	29.582317	0.0	0.091147326	0.0
7	4845117	4845118	1			48.9807	0.0	35.430347	0.0	0.091147326	0.0
7	4845135	4845136	1			46.620186	0.0	33.06625	0.0	0.091147326	0.0
7	16912563	16912564	1			76.47376	0.0	54.2498	0.0	0.20508148	0.0
7	19021066	19021067	1			52.69504	0.0	39.038704	0.0	0.13672099	0.0
7	19118261	19118262	1			57.31193	0.0	43.082554	0.0	0.13672099	0.0
7	19118266	19118267	1			57.277218	0.0	43.05145	0.0	0.11393416	0.0
7	19118268	19118269	1			57.346645	0.0	43.11366	0.0	0.11393416	0.0
7	19118270	19118271	1			56.89537	0.0	42.647064	0.0	0.11393416	0.0
7	19118279	19118280	1			55.645687	0.0	41.371693	0.0	0.11393416	0.0
7	19118443	19118444	1			55.124985	0.0	40.4385	0.0	0.091147326	0.0
7	19118464	19118465	1			53.80587	0.0	39.16313	0.0	0.11393416	0.0
7	19118474	19118475	1			51.653637	0.0	38.105507	0.0	0.13672099	0.0
7	19118476	19118477	1			52.313194	0.0	38.323254	0.0	0.13672099	0.0
7	19734468	19734469	1			75.64064	0.0	55.556274	0.0	0.15950783	0.0
7	19852224	19852225	1			55.6804	0.0	40.998417	0.0	0.06836049	0.0
7	27488117	27488118	1			39.573353	0.0	28.618013	0.0	0.11393416	0.0
7	27657781	27657782	1			66.85813	0.0	48.277348	0.0	0.045573663	0.0
7	27657807	27657808	1			70.91961	0.0	51.263573	0.0	0.045573663	0.0
7	27657930	27657931	1			60.60971	0.0	44.326817	0.0	0.15950783	0.0
7	27657945	27657946	1			58.943466	0.0	43.26919	0.0	0.13672099	0.0
7	27657955	27657956	1			56.339954	0.0	41.62055	0.0	0.11393416	0.0
7	27658182	27658183	1			53.458736	0.0	41.06063	0.0	0.20508148	0.0
7	28732600	28732601	1			51.132935	0.0	37.54559	0.0	0.15950783	0.0
7	28732605	28732606	1			51.966057	0.0	38.012188	0.0	0.15950783	0.0
7	28732607	28732608	1			52.139626	0.0	38.105507	0.0	0.15950783	0.0
7	28732649	28732650	1			53.701733	0.0	38.88317	0.0	0.20508148	0.0
7	28732842	28732843	1			44.15553	0.0	33.128464	0.0	0.13672099	0.0
7	34647299	34647300	1			67.65655	0.0	50.548122	0.0	0.091147326	0.0
7	37624398	37624399	1			38.6708	0.0	26.813835	0.0	0.0	0.0
7	37624410	37624411	1			38.011246	0.0	26.813835	0.0	0.0	0.0
7	37624416	37624417	1			37.421116	0.0	26.31613	0.0	0.0	0.0
7	44697206	44697207	1			52.556187	0.0	40.189648	0.0	0.15950783	0.0
7	44697209	44697210	1			52.5909	0.0	40.4385	0.0	0.15950783	0.0
7	44697236	44697237	1			58.839325	0.0	44.855625	0.0	0.15950783	0.0
7	44697263	44697264	1			53.944725	0.0	41.216164	0.0	0.15950783	0.0
7	45405500	45405501	1			59.01289	0.0	43.424725	0.0	0.15950783	0.0
7	49348555	49348556	1			68.802086	0.0	49.9571	0.0	0.15950783	0.0
7	51511339	51511340	1			37.907104	0.0	27.778137	0.0	0.091147326	0.0
7	58836954	58836955	1			73.38427	0.0	56.302834	0.0	0.091147326	0.0
7	58836972	58836973	1			76.75147	0.0	58.635822	0.0	0.091147326	0.0
7	58836988	58836989	1			81.12537	0.0	61.995327	0.0	0.11393416	0.0
7	58836996	58836997	1			80.847664	0.0	61.995327	0.0	0.15950783	0.0
7	58837119	58837120	1			68.350815	0.0	51.73017	0.0	0.091147326	0.0
7	70361446	70361447	1			26.972363	0.0	19.752651	0.0	0.022786831	0.0
7	70361584	70361585	1			34.019196	0.0	23.17437	0.0	0.11393416	0.0
7	70361619	70361620	1			29.506445	0.0	20.499208	0.0	0.091147326	0.0
7	70362076	70362077	1			45.16222	0.0	33.283997	0.0	0.11393416	0.0
7	80081360	80081361	1			65.67788	0.0	48.837265	0.0	0.06836049	0.0
7	80845973	80845974	1			50.959366	0.0	35.461452	0.0	0.06836049	0.0
7	81453980	81453981	1			25.861532	0.0	18.539495	0.0	0.091147326	0.0
7	81858544	81858545	1			58.38805	0.0	42.429317	0.0	0.27344197	0.0
7	97549477	97549478	1			61.651115	0.0	45.29112	0.0	0.15950783	0.0
7	99510167	99510168	1			50.820515	0.0	38.136616	0.0	0.13672099	0.0
7	99535752	99535753	1			47.835155	0.0	38.136616	0.0	0.11393416	0.0
7	99535877	99535878	1			60.92213	0.0	47.87296	0.0	0.20508148	0.0
7	99539905	99539906	1			34.57461	0.0	25.818426	0.0	0.06836049	0.0
7	99594858	99594859	1			53.215744	0.0	40.594032	0.0	0.11393416	0.0
7	102106941	102106942	1			44.0861	0.0	32.22637	0.0	0.15950783	0.0
7	115379727	115379728	1			56.825943	0.0	41.651653	0.0	0.18229465	0.0
7	115379735	115379736	1			58.561615	0.0	42.49153	0.0	0.18229465	0.0
7	115379765	115379766	1			58.839325	0.0	42.647064	0.0	0.13672099	0.0
7	118596475	118596476	1			67.96896	0.0	49.24165	0.0	0.22786832	0.0
7	118596492	118596493	1			73.14127	0.0	52.601154	0.0	0.22786832	0.0
7	118596514	118596515	1			71.09318	0.0	51.263573	0.0	0.18229465	0.0
7	126799960	126799961	1			64.7059	0.0	47.81075	0.0	0.15950783	0.0
7	127136110	127136111	1			49.77911	0.0	35.523666	0.0	0.20508148	0.0
7	128182014	128182015	1			35.720158	0.0	25.040762	0.0	0.11393416	0.0
7	133124588	133124589	1			54.465427	0.0	40.78067	0.0	0.11393416	0.0
7	133124620	133124621	1			59.46417	0.0	44.45124	0.0	0.15950783	0.0
7	133124626	133124627	1			58.70047	0.0	44.20239	0.0	0.15950783	0.0
7	133124788	133124789	1			56.99951	0.0	44.233498	0.0	0.11393416	0.0
7	134225008	134225009	1			41.58673	0.0	30.888792	0.0	0.022786831	0.0
7	134225018	134225019	1			43.66954	0.0	32.568546	0.0	0.022786831	0.0
7	134225114	134225115	1			44.849796	0.0	33.906124	0.0	0.06836049	0.0
7	134225139	134225140	1			45.717636	0.0	34.40383	0.0	0.091147326	0.0
7	137317372	137317373	1			69.635216	0.0	53.129967	0.0	0.27344197	0.0
7	138397946	138397947	1			52.556187	0.0	39.909687	0.0	0.15950783	0.0
7	138398058	138398059	1			56.652374	0.0	43.891323	0.0	0.15950783	0.0
7	140915648	140915649	1			67.20527	0.0	47.748535	0.0	0.34180248	0.0
7	142664387	142664388	1			28.569181	0.0	17.79294	0.0	0.06836049	0.0
7	143475921	143475922	1			69.704636	0.0	52.321194	0.0	0.22786832	0.0
7	143475960	143475961	1			70.85018	0.0	53.565456	0.0	0.20508148	0.0
7	143476101	143476102	1			61.546974	0.0	46.504272	0.0	0.15950783	0.0
8	4205994	4205995	1			57.867348	0.0	45.042267	0.0	0.13672099	0.0
8	8969102	8969103	1			50.716373	0.0	36.767925	0.0	0.06836049	0.0
8	8969121	8969122	1			53.07689	0.0	38.416573	0.0	0.091147326	0.0
8	8969126	8969127	1			53.00746	0.0	38.229935	0.0	0.091147326	0.0
8	8969146	8969147	1			50.99408	0.0	36.581287	0.0	0.11393416	0.0
8	11356829	11356830	1			74.42567	0.0	52.01013	0.0	0.13672099	0.0
8	12390001	12390002	1			45.196934	0.0	32.630756	0.0	0.06836049	0.0
8	17534993	17534994	1			41.031315	0.0	32.25748	0.0	0.13672099	0.0
8	17535333	17535334	1			12.253854	0.0	9.020896	0.0	0.0	0.0
8	17535349	17535350	1			12.21914	0.0	8.61651	0.0	0.0	0.0
8	17535540	17535541	1			32.66537	0.0	23.765394	0.0	0.06836049	0.0
8	17535542	17535543	1			33.012505	0.0	23.952034	0.0	0.06836049	0.0
8	22811284	22811285	1			50.334526	0.0	36.892353	0.0	0.022786831	0.0
8	23043941	23043942	1			52.48676	0.0	39.411983	0.0	0.15950783	0.0
8	25027830	25027831	1			72.65528	0.0	57.733734	0.0	0.06836049	0.0
8	25027972	25027973	1			79.00785	0.0	60.937706	0.0	0.15950783	0.0
8	25027992	25027993	1			73.7314	0.0	56.70722	0.0	0.15950783	0.0
8	25098297	25098298	1			62.866085	0.0	47.126404	0.0	0.18229465	0.0
8	34810101	34810102	1			84.21487	0.0	65.79033	0.0	0.27344197	0.0
8	34810240	34810241	1			89.31775	0.0	67.874466	0.0	0.25065514	0.0
8	35588987	35588988	1			56.687088	0.0	42.056038	0.0	0.13672099	0.0
8	35589003	35589004	1			56.99951	0.0	41.807186	0.0	0.11393416	0.0
8	47352471	47352472	1			48.911274	0.0	34.49715	0.0	0.11393416	0.0
8	48555035	48555036	1			46.828465	0.0	36.36354	0.0	0.045573663	0.0
8	48555054	48555055	1			50.230385	0.0	39.25645	0.0	0.06836049	0.0
8	48555065	48555066	1			49.536114	0.0	38.416573	0.0	0.11393416	0.0
8	48555165	48555166	1			54.534855	0.0	42.895916	0.0	0.11393416	0.0
8	48555171	48555172	1			52.243767	0.0	41.340588	0.0	0.11393416	0.0
8	48555184	48555185	1			50.959366	0.0	39.81637	0.0	0.11393416	0.0
8	48555346	48555347	1			38.809654	0.0	30.173342	0.0	0.13672099	0.0
8	48843046	48843047	1			29.020458	0.0	21.525724	0.0	0.022786831	0.0
8	61283939	61283940	1			62.41481	0.0	45.011158	0.0	0.13672099	0.0
8	69881409	69881410	1			64.358765	0.0	48.028492	0.0	0.091147326	0.0
8	69881519	69881520	1			76.47376	0.0	58.29365	0.0	0.18229465	0.0
8	69881530	69881531	1			72.86356	0.0	54.80972	0.0	0.13672099	0.0
8	69882057	69882058	1			59.637733	0.0	44.35792	0.0	0.18229465	0.0
8	69882206	69882207	1			63.282646	0.0	48.090706	0.0	0.13672099	0.0
8	69882210	69882211	1			64.84476	0.0	49.366074	0.0	0.13672099	0.0
8	69882212	69882213	1			64.42819	0.0	49.023903	0.0	0.13672099	0.0
8	69882217	69882218	1			64.77533	0.0	49.272755	0.0	0.15950783	0.0
8	69882220	69882221	1			64.77533	0.0	49.366074	0.0	0.15950783	0.0
8	69882223	69882224	1			64.01163	0.0	49.086117	0.0	0.15950783	0.0
8	69882230	69882231	1			63.768635	0.0	48.681732	0.0	0.15950783	0.0
8	69882233	69882234	1			64.11577	0.0	48.61952	0.0	0.15950783	0.0
8	69882401	69882402	1			50.09153	0.0	37.296738	0.0	0.27344197	0.0
8	69885471	69885472	1			62.137104	0.0	46.193207	0.0	0.06836049	0.0
8	69885474	69885475	1			63.00494	0.0	46.34874	0.0	0.06836049	0.0
8	69885480	69885481	1			61.19984	0.0	45.29112	0.0	0.06836049	0.0
8	70742982	70742983	1			72.794136	0.0	54.965252	0.0	0.2962288	0.0
8	70816874	70816875	1			46.411903	0.0	32.941822	0.0	0.11393416	0.0
8	72741657	72741658	1			61.269268	0.0	45.44665	0.0	0.15950783	0.0
8	72762603	72762604	1			60.227863	0.0	44.420135	0.0	0.06836049	0.0
8	78436303	78436304	1			32.214096	0.0	22.116749	0.0	0.11393416	0.0
8	78436416	78436417	1			46.411903	0.0	35.18149	0.0	0.13672099	0.0
8	78436419	78436420	1			46.79375	0.0	35.430347	0.0	0.13672099	0.0
8	78436425	78436426	1			46.55076	0.0	35.274815	0.0	0.13672099	0.0
8	83166465	83166466	1			41.031315	0.0	29.582317	0.0	0.091147326	0.0
8	84201708	84201709	1			60.123722	0.0	44.01575	0.0	0.091147326	0.0
8	84731629	84731630	1			66.12915	0.0	49.4905	0.0	0.25065514	0.0
8	84771960	84771961	1			64.56705	0.0	48.277348	0.0	0.13672099	0.0
8	84784634	84784635	1			67.69126	0.0	51.885704	0.0	0.18229465	0.0
8	84784774	84784775	1			70.91961	0.0	52.352303	0.0	0.22786832	0.0
8	84784807	84784808	1			71.99573	0.0	51.35689	0.0	0.18229465	0.0
8	84912574	84912575	1			65.67788	0.0	48.650623	0.0	0.25065514	0.0
8	84912576	84912577	1			66.05972	0.0	49.272755	0.0	0.25065514	0.0
8	84912704	84912705	1			75.60593	0.0	57.267136	0.0	0.20508148	0.0
8	84912707	84912708	1			76.33491	0.0	57.76484	0.0	0.22786832	0.0
8	84912711	84912712	1			76.02249	0.0	57.39156	0.0	0.22786832	0.0
8	84912714	84912715	1			75.84892	0.0	57.453773	0.0	0.22786832	0.0
8	84918147	84918148	1			58.70047	0.0	41.58944	0.0	0.022786831	0.0
8	84918158	84918159	1			59.325314	0.0	43.02034	0.0	0.06836049	0.0
8	87468955	87468956	1			45.30107	0.0	32.848503	0.0	0.091147326	0.0
8	87472241	87472242	1			24.125858	0.0	17.23302	0.0	0.045573663	0.0
8	87472974	87472975	1			21.661203	0.0	16.455359	0.0	0.022786831	0.0
8	89042502	89042503	1			54.81256	0.0	39.06981	0.0	0.15950783	0.0
8	89572047	89572048	1			42.454567	0.0	29.83117	0.0	0.091147326	0.0
8	91800473	91800474	1			40.16348	0.0	26.160597	0.0	0.13672099	0.0
8	92063762	92063763	1			54.67371	0.0	40.31407	0.0	0.13672099	0.0
8	92855474	92855475	1			45.717636	0.0	35.461452	0.0	0.045573663	0.0
8	92855486	92855487	1			45.925915	0.0	35.088173	0.0	0.091147326	0.0
8	92855492	92855493	1			45.96063	0.0	35.088173	0.0	0.11393416	0.0
8	94905175	94905176	1			31.832249	0.0	22.490026	0.0	0.06836049	0.0
8	99416630	99416631	1			30.65199	0.0	19.939291	0.0	0.045573663	0.0
8	99416637	99416638	1			32.283524	0.0	20.9347	0.0	0.045573663	0.0
8	99416667	99416668	1			34.74818	0.0	22.863304	0.0	0.091147326	0.0
8	99416670	99416671	1			34.609325	0.0	22.863304	0.0	0.091147326	0.0
8	104555391	104555392	1			78.00116	0.0	59.786766	0.0	0.27344197	0.0
8	105259345	105259346	1			68.03839	0.0	49.9571	0.0	0.18229465	0.0
8	105277535	105277536	1			81.92378	0.0	56.551685	0.0	0.15950783	0.0
8	108715701	108715702	1			10.552894	0.0	7.4966755	0.0	0.0	0.0
8	117856271	117856272	1			47.904583	0.0	33.563953	0.0	0.091147326	0.0
8	117856328	117856329	1			49.95268	0.0	35.55477	0.0	0.11393416	0.0
8	120268534	120268535	1			82.34034	0.0	61.155453	0.0	0.20508148	0.0
8	120268707	120268708	1			90.84514	0.0	70.61184	0.0	0.18229465	0.0
8	120268743	120268744	1			101.67574	0.0	78.13962	0.0	0.27344197	0.0
8	120268857	120268858	1			94.76776	0.0	71.202866	0.0	0.18229465	0.0
8	120832236	120832237	1			38.497234	0.0	29.0224	0.0	0.15950783	0.0
8	120832255	120832256	1			37.664112	0.0	28.83576	0.0	0.15950783	0.0
8	121116808	121116809	1			57.450787	0.0	40.189648	0.0	0.091147326	0.0
8	121117016	121117017	1			57.4855	0.0	41.4028	0.0	0.045573663	0.0
8	121117019	121117020	1			59.70716	0.0	43.175873	0.0	0.045573663	0.0
8	121117030	121117031	1			60.644424	0.0	43.704685	0.0	0.045573663	0.0
8	121117079	121117080	1			60.158436	0.0	41.309483	0.0	0.091147326	0.0
8	121117098	121117099	1			56.652374	0.0	39.0076	0.0	0.091147326	0.0
8	121117104	121117105	1			56.756516	0.0	38.97649	0.0	0.091147326	0.0
8	122738696	122738697	1			60.748566	0.0	47.375256	0.0	0.06836049	0.0
8	123341654	123341655	1			67.899536	0.0	50.174843	0.0	0.22786832	0.0
8	124677636	124677637	1			61.0957	0.0	44.513454	0.0	0.13672099	0.0
8	125669727	125669728	1			38.913795	0.0	28.151417	0.0	0.045573663	0.0
8	125669766	125669767	1			38.115387	0.0	26.440557	0.0	0.06836049	0.0
8	127828007	127828008	1			56.235813	0.0	37.390057	0.0	0.13672099	0.0
9	14718160	14718161	1			55.09027	0.0	40.40739	0.0	0.15950783	0.0
9	20889940	20889941	1			66.12915	0.0	47.219723	0.0	0.18229465	0.0
9	21037816	21037817	1			48.633564	0.0	34.528255	0.0	0.11393416	0.0
9	21037820	21037821	1			48.668278	0.0	34.87043	0.0	0.11393416	0.0
9	21037835	21037836	1			48.737705	0.0	34.777107	0.0	0.11393416	0.0
9	21037837	21037838	1			48.737705	0.0	34.714897	0.0	0.11393416	0.0
9	27193937	27193938	1			37.247547	0.0	29.488997	0.0	0.06836049	0.0
9	31858921	31858922	1			49.95268	0.0	35.461452	0.0	0.11393416	0.0
9	42898296	42898297	1			58.97818	0.0	44.233498	0.0	0.15950783	0.0
9	44692257	44692258	1			69.357506	0.0	51.605743	0.0	0.15950783	0.0
9	45839240	45839241	1			64.87947	0.0	49.30386	0.0	0.11393416	0.0
9	45839425	45839426	1			64.081055	0.0	46.59759	0.0	0.091147326	0.0
9	45839573	45839574	1			45.47464	0.0	33.812805	0.0	0.06836049	0.0
9	53390605	53390606	1			62.449524	0.0	46.037674	0.0	0.22786832	0.0
9	55546219	55546220	1			50.2651	0.0	35.30592	0.0	0.091147326	0.0
9	56897793	56897794	1			63.039654	0.0	46.193207	0.0	0.11393416	0.0
9	60545774	60545775	1			49.813824	0.0	37.670017	0.0	0.18229465	0.0
9	62018885	62018886	1			67.55241	0.0	49.988205	0.0	0.15950783	0.0
9	64078360	64078361	1			53.77116	0.0	39.100918	0.0	0.06836049	0.0
9	64918722	64918723	1			65.33074	0.0	47.15751	0.0	0.13672099	0.0
9	65180674	65180675	1			15.239211	0.0	9.363068	0.0	0.022786831	0.0
9	67760664	67760665	1			39.85106	0.0	27.498178	0.0	0.06836049	0.0
9	71215446	71215447	1			26.173954	0.0	18.632816	0.0	0.022786831	0.0
9	83111477	83111478	1			53.77116	0.0	38.758747	0.0	0.06836049	0.0
9	91362575	91362576	1			32.387665	0.0	23.485435	0.0	0.11393416	0.0
9	91362580	91362581	1			32.387665	0.0	23.298796	0.0	0.11393416	0.0
9	91364483	91364484	1			44.329094	0.0	32.413013	0.0	0.15950783	0.0
9	91364946	91364947	1			38.77494	0.0	26.751621	0.0	0.11393416	0.0
9	104874038	104874039	1			57.346645	0.0	42.740383	0.0	0.18229465	0.0
9	107305992	107305993	1			84.388435	0.0	61.746475	0.0	0.20508148	0.0
9	107993263	107993264	1			89.73431	0.0	66.972374	0.0	0.091147326	0.0
9	110684580	110684581	1			49.813824	0.0	37.483376	0.0	0.091147326	0.0
9	110873843	110873844	1			45.196934	0.0	33.190674	0.0	0.091147326	0.0
9	110873863	110873864	1			49.501404	0.0	36.39465	0.0	0.11393416	0.0
9	110873868	110873869	1			50.19567	0.0	36.861248	0.0	0.11393416	0.0
9	110873915	110873916	1			45.335785	0.0	33.40842	0.0	0.11393416	0.0
9	111311601	111311602	1			37.386402	0.0	28.089203	0.0	0.11393416	0.0
9	111311693	111311694	1			43.18355	0.0	32.661865	0.0	0.091147326	0.0
9	111311699	111311700	1			43.009983	0.0	32.506332	0.0	0.091147326	0.0
9	111311702	111311703	1			43.49597	0.0	32.910717	0.0	0.091147326	0.0
9	111311706	111311707	1			43.426544	0.0	32.537437	0.0	0.11393416	0.0
9	111311733	111311734	1			45.47464	0.0	34.83932	0.0	0.13672099	0.0
9	111311762	111311763	1			47.1756	0.0	35.523666	0.0	0.15950783	0.0
9	111311765	111311766	1			47.592163	0.0	35.834732	0.0	0.15950783	0.0
9	111311769	111311770	1			46.79375	0.0	35.057068	0.0	0.15950783	0.0
9	111311771	111311772	1			46.724323	0.0	35.02596	0.0	0.15950783	0.0
9	111311773	111311774	1			46.16891	0.0	34.714897	0.0	0.15950783	0.0
9	111311884	111311885	1			40.128765	0.0	30.857685	0.0	0.06836049	0.0
9	118468350	118468351	1			40.788322	0.0	29.893383	0.0	0.13672099	0.0
9	119028888	119028889	1			66.19858	0.0	47.87296	0.0	0.34180248	0.0
9	119146607	119146608	1			77.54988	0.0	59.786766	0.0	0.13672099	0.0
9	119418197	119418198	1			66.09444	0.0	47.0953	0.0	0.20508148	0.0
9	121808080	121808081	1			58.97818	0.0	44.046856	0.0	0.20508148	0.0
10	4430456	4430457	1			86.297676	0.0	61.839794	0.0	0.20508148	0.0
10	5491389	5491390	1			55.124985	0.0	40.34518	0.0	0.045573663	0.0
10	7839844	7839845	1			59.77659	0.0	44.264603	0.0	0.22786832	0.0
10	13028009	13028010	1			64.87947	0.0	47.81075	0.0	0.11393416	0.0
10	14535658	14535659	1			49.18898	0.0	35.2126	0.0	0.11393416	0.0
10	21882266	21882267	1			36.796272	0.0	25.725107	0.0	0.091147326	0.0
10	32890319	32890320	1			38.35838	0.0	27.778137	0.0	0.06836049	0.0
10	33624466	33624467	1			29.194025	0.0	20.996912	0.0	0.06836049	0.0
10	33624566	33624567	1			35.025887	0.0	25.351828	0.0	0.022786831	0.0
10	44206135	44206136	1			0.0	0.0	0.0	0.0	0.045573663	0.0
10	44456843	44456844	1			64.11577	0.0	48.121815	0.0	0.15950783	0.0
10	49782905	49782906	1			45.196934	0.0	33.470634	0.0	0.091147326	0.0
10	49788564	49788565	1			28.291475	0.0	19.161627	0.0	0.045573663	0.0
10	59970251	59970252	1			64.39348	0.0	47.624107	0.0	0.13672099	0.0
10	60685807	60685808	1			42.90584	0.0	32.3508	0.0	0.11393416	0.0
10	60944331	60944332	1			52.10491	0.0	36.954567	0.0	0.045573663	0.0
10	61632621	61632622	1			69.18394	0.0	50.01931	0.0	0.13672099	0.0
10	61726044	61726045	1			67.58712	0.0	48.028492	0.0	0.25065514	0.0
10	70121162	70121163	1			38.636086	0.0	30.26666	0.0	0.091147326	0.0
10	70599111	70599112	1			25.13255	0.0	19.161627	0.0	0.06836049	0.0
10	70599713	70599714	1			37.6294	0.0	28.213629	0.0	0.0	0.0
10	70599742	70599743	1			39.85106	0.0	30.26666	0.0	0.022786831	0.0
10	70599752	70599753	1			37.35169	0.0	28.400269	0.0	0.022786831	0.0
10	75424606	75424607	1			64.67119	0.0	46.81534	0.0	0.15950783	0.0
10	75424612	75424613	1			67.344124	0.0	48.40177	0.0	0.13672099	0.0
10	75424630	75424631	1			67.20527	0.0	48.743942	0.0	0.11393416	0.0
10	75424632	75424633	1			66.02501	0.0	47.96628	0.0	0.11393416	0.0
10	79881969	79881970	1			85.88111	0.0	65.04377	0.0	0.22786832	0.0
10	79921060	79921061	1			76.5779	0.0	59.10242	0.0	0.15950783	0.0
10	79921218	79921219	1			67.41355	0.0	48.930584	0.0	0.11393416	0.0
10	79921235	79921236	1			69.77406	0.0	50.4237	0.0	0.045573663	0.0
10	79921238	79921239	1			71.09318	0.0	51.170254	0.0	0.045573663	0.0
10	79921251	79921252	1			68.69795	0.0	49.11722	0.0	0.022786831	0.0
10	79921259	79921260	1			68.52438	0.0	48.49509	0.0	0.022786831	0.0
10	79921264	79921265	1			67.13584	0.0	47.499683	0.0	0.022786831	0.0
10	79921611	79921612	1			93.10152	0.0	70.36298	0.0	0.22786832	0.0
10	79921617	79921618	1			94.69833	0.0	71.48283	0.0	0.20508148	0.0
10	79921629	79921630	1			93.37922	0.0	70.36298	0.0	0.22786832	0.0
10	79921632	79921633	1			94.38591	0.0	71.01623	0.0	0.22786832	0.0
10	79921819	79921820	1			98.82924	0.0	75.37114	0.0	0.18229465	0.0
10	79921821	79921822	1			98.27382	0.0	74.873436	0.0	0.18229465	0.0
10	79921837	79921838	1			98.516815	0.0	75.43335	0.0	0.18229465	0.0
10	80810385	80810386	1			67.93425	0.0	51.667957	0.0	0.15950783	0.0
10	80810392	80810393	1			68.350815	0.0	52.10345	0.0	0.13672099	0.0
10	80810498	80810499	1			94.49005	0.0	72.758194	0.0	0.22786832	0.0
10	80988204	80988205	1			54.534855	0.0	41.49612	0.0	0.13672099	0.0
10	83384139	83384140	1			63.838062	0.0	47.31304	0.0	0.13672099	0.0
10	88390758	88390759	1			42.697563	0.0	33.377316	0.0	0.091147326	0.0
10	88560484	88560485	1			63.282646	0.0	46.784233	0.0	0.27344197	0.0
10	98343301	98343302	1			0.0	0.0	0.0	0.0	0.045573663	0.0
10	103028024	103028025	1			58.908752	0.0	42.39821	0.0	0.22786832	0.0
10	103028645	103028646	1			11.073596	0.0	7.99438	0.0	0.022786831	0.0
10	103028731	103028732	1			24.05643	0.0	17.357449	0.0	0.022786831	0.0
10	103028734	103028735	1			24.958982	0.0	18.197325	0.0	0.045573663	0.0
10	103028768	103028769	1			29.020458	0.0	21.805683	0.0	0.06836049	0.0
10	103029442	103029443	1			40.85775	0.0	28.960186	0.0	0.11393416	0.0
10	109010551	109010552	1			31.485113	0.0	24.294205	0.0	0.045573663	0.0
10	109010638	109010639	1			39.434498	0.0	30.08002	0.0	0.022786831	0.0
10	109010652	109010653	1			37.004555	0.0	27.653711	0.0	0.022786831	0.0
10	109010673	109010674	1			30.270142	0.0	23.236584	0.0	0.022786831	0.0
10	114801285	114801286	1			32.630657	0.0	22.956625	0.0	0.045573663	0.0
10	114801288	114801289	1			32.42238	0.0	23.298796	0.0	0.045573663	0.0
10	114801481	114801482	1			12.21914	0.0	8.554297	0.0	0.022786831	0.0
10	114802243	114802244	1			43.49597	0.0	30.017809	0.0	0.06836049	0.0
10	116346878	116346879	1			47.904583	0.0	36.083584	0.0	0.15950783	0.0
10	120422320	120422321	1			51.306503	0.0	37.73223	0.0	0.091147326	0.0
10	120422379	120422380	1			53.97944	0.0	40.282967	0.0	0.091147326	0.0
10	120428473	120428474	1			62.345383	0.0	48.681732	0.0	0.11393416	0.0
10	120428504	120428505	1			62.484238	0.0	49.92599	0.0	0.13672099	0.0
10	120428674	120428675	1			60.36672	0.0	46.6287	0.0	0.11393416	0.0
10	120558188	120558189	1			51.09822	0.0	35.865837	0.0	0.13672099	0.0
10	120558197	120558198	1			50.438667	0.0	35.710304	0.0	0.13672099	0.0
10	121161542	121161543	1			49.397263	0.0	36.239117	0.0	0.022786831	0.0
10	121161559	121161560	1			48.945988	0.0	35.64809	0.0	0.022786831	0.0
10	121931533	121931534	1			54.08358	0.0	39.847473	0.0	0.13672099	0.0
10	122738407	122738408	1			57.31193	0.0	41.68276	0.0	0.11393416	0.0
10	123788289	123788290	1			62.171818	0.0	46.473167	0.0	0.06836049	0.0
10	128502520	128502521	1			80.951805	0.0	57.04939	0.0	0.18229465	0.0
11	4135724	4135725	1			52.625614	0.0	38.572105	0.0	0.15950783	0.0
11	4949389	4949390	1			44.329094	0.0	30.26666	0.0	0.11393416	0.0
11	4954035	4954036	1			33.915054	0.0	24.014246	0.0	0.045573663	0.0
11	12756587	12756588	1			0.0	0.0	0.0	0.0	0.0	0.0
11	20477838	20477839	1			31.55454	0.0	22.116749	0.0	0.0	0.0
11	20762369	20762370	1			0.0	0.0	0.0	0.0	0.091147326	0.0
11	21993733	21993734	1			39.399784	0.0	28.991293	0.0	0.13672099	0.0
11	21993757	21993758	1			38.87908	0.0	28.586908	0.0	0.13672099	0.0
11	21994068	21994069	1			52.625614	0.0	38.416573	0.0	0.091147326	0.0
11	21997929	21997930	1			58.908752	0.0	44.57567	0.0	0.13672099	0.0
11	22007183	22007184	1			47.765728	0.0	34.061657	0.0	0.022786831	0.0
11	22007227	22007228	1			46.79375	0.0	32.288586	0.0	0.022786831	0.0
11	24523596	24523597	1			0.0	0.0	0.062213074	0.0	0.045573663	0.0
11	29824620	29824621	1			52.243767	0.0	37.701122	0.0	0.091147326	0.0
11	29825373	29825374	1			60.123722	0.0	43.580257	0.0	0.06836049	0.0
11	33201272	33201273	1			38.636086	0.0	29.582317	0.0	0.0	0.0
11	33203157	33203158	1			36.27557	0.0	27.187113	0.0	0.091147326	0.0
11	33203379	33203380	1			35.23417	0.0	25.973959	0.0	0.045573663	0.0
11	33203405	33203406	1			35.442448	0.0	25.818426	0.0	0.06836049	0.0
11	33203575	33203576	1			45.05808	0.0	32.537437	0.0	0.13672099	0.0
11	33203583	33203584	1			45.96063	0.0	33.377316	0.0	0.13672099	0.0
11	35798308	35798309	1			8.400659	0.0	5.972455	0.0	0.06836049	0.0
11	35798311	35798312	1			8.504799	0.0	6.2524137	0.0	0.06836049	0.0
11	35798487	35798488	1			29.6453	0.0	22.3656	0.0	0.045573663	0.0
11	42182440	42182441	1			37.178123	0.0	26.471663	0.0	0.11393416	0.0
11	42182447	42182448	1			37.525257	0.0	27.000475	0.0	0.11393416	0.0
11	51647045	51647046	1			86.67953	0.0	63.799507	0.0	0.3645893	0.0
11	51786085	51786086	1			71.787445	0.0	52.352303	0.0	0.18229465	0.0
11	53463565	53463566	1			61.02627	0.0	47.001976	0.0	0.06836049	0.0
11	53463757	53463758	1			64.914185	0.0	48.837265	0.0	0.06836049	0.0
11	53478691	53478692	1			50.36924	0.0	38.72764	0.0	0.13672099	0.0
11	53478799	53478800	1			47.939297	0.0	35.55477	0.0	0.13672099	0.0
11	53478875	53478876	1			39.05265	0.0	29.706743	0.0	0.06836049	0.0
11	53478907	53478908	1			37.490543	0.0	28.244736	0.0	0.045573663	0.0
11	53508268	53508269	1			55.055557	0.0	39.59862	0.0	0.06836049	0.0
11	57827286	57827287	1			39.989914	0.0	29.426785	0.0	0.15950783	0.0
11	57827306	57827307	1			39.712204	0.0	29.800062	0.0	0.13672099	0.0
11	57827308	57827309	1			39.816345	0.0	29.83117	0.0	0.15950783	0.0
11	59312571	59312572	1			64.01163	0.0	48.15292	0.0	0.15950783	0.0
11	61147017	61147018	1			66.64986	0.0	49.521606	0.0	0.20508148	0.0
11	61147591	61147592	1			41.17017	0.0	27.062687	0.0	0.091147326	0.0
11	61147624	61147625	1			41.96858	0.0	28.462482	0.0	0.11393416	0.0
11	61147628	61147629	1			42.003292	0.0	28.151417	0.0	0.11393416	0.0
11	61684480	61684481	1			38.636086	0.0	28.742441	0.0	0.18229465	0.0
11	61684493	61684494	1			41.517303	0.0	31.44871	0.0	0.18229465	0.0
11	61684502	61684503	1			43.600113	0.0	32.78629	0.0	0.20508148	0.0
11	61684617	61684618	1			58.735184	0.0	45.508865	0.0	0.13672099	0.0
11	61684760	61684761	1			57.416073	0.0	44.606773	0.0	0.13672099	0.0
11	61684957	61684958	1			58.28391	0.0	44.855625	0.0	0.11393416	0.0
11	67675679	67675680	1			64.15048	0.0	49.272755	0.0	0.11393416	0.0
11	69119878	69119879	1			82.027916	0.0	57.702625	0.0	0.20508148	0.0
11	69965435	69965436	1			61.859394	0.0	44.7312	0.0	0.25065514	0.0
11	69965451	69965452	1			63.282646	0.0	45.757717	0.0	0.25065514	0.0
11	69965453	69965454	1			62.866085	0.0	45.63329	0.0	0.25065514	0.0
11	69965459	69965460	1			62.79666	0.0	45.72661	0.0	0.25065514	0.0
11	69965462	69965463	1			62.484238	0.0	45.384438	0.0	0.25065514	0.0
11	69965586	69965587	1			70.433624	0.0	52.414516	0.0	0.11393416	0.0
11	69965621	69965622	1			66.892845	0.0	50.610336	0.0	0.11393416	0.0
11	69965628	69965629	1			64.21991	0.0	48.58841	0.0	0.11393416	0.0
11	69965631	69965632	1			62.51895	0.0	47.25083	0.0	0.11393416	0.0
11	69966088	69966089	1			55.853966	0.0	40.034115	0.0	0.13672099	0.0
11	69966093	69966094	1			55.47212	0.0	39.878582	0.0	0.13672099	0.0
11	75895183	75895184	1			44.849796	0.0	31.510921	0.0	0.15950783	0.0
11	75895188	75895189	1			45.16222	0.0	31.573135	0.0	0.13672099	0.0
11	75895201	75895202	1			44.780373	0.0	31.79088	0.0	0.15950783	0.0
11	79140423	79140424	1			73.03713	0.0	54.871933	0.0	0.22786832	0.0
11	79899821	79899822	1			67.48298	0.0	52.041237	0.0	0.11393416	0.0
11	81371989	81371990	1			37.594685	0.0	25.662893	0.0	0.0	0.0
11	82580265	82580266	1			67.58712	0.0	50.64144	0.0	0.11393416	0.0
11	82926084	82926085	1			63.80335	0.0	47.375256	0.0	0.091147326	0.0
11	83020521	83020522	1			38.531948	0.0	29.955595	0.0	0.091147326	0.0
11	83849875	83849876	1			57.034225	0.0	41.15395	0.0	0.06836049	0.0
11	83850008	83850009	1			51.966057	0.0	38.44768	0.0	0.13672099	0.0
11	83851068	83851069	1			29.089884	0.0	19.659332	0.0	0.06836049	0.0
11	83851560	83851561	1			50.820515	0.0	38.50989	0.0	0.11393416	0.0
11	83851770	83851771	1			52.070198	0.0	39.34977	0.0	0.06836049	0.0
11	84526409	84526410	1			47.626877	0.0	33.87502	0.0	0.15950783	0.0
11	85688574	85688575	1			69.46165	0.0	52.227875	0.0	0.11393416	0.0
11	85886588	85886589	1			42.523994	0.0	32.87961	0.0	0.06836049	0.0
11	87240694	87240695	1			68.177246	0.0	49.894886	0.0	0.25065514	0.0
11	88193377	88193378	1			53.07689	0.0	40.594032	0.0	0.091147326	0.0
11	88687323	88687324	1			54.048866	0.0	38.88317	0.0	0.13672099	0.0
11	90033102	90033103	1			29.992434	0.0	22.3656	0.0	0.06836049	0.0
11	90033112	90033113	1			28.985744	0.0	21.059126	0.0	0.06836049	0.0
11	90033352	90033353	1			31.34626	0.0	22.8322	0.0	0.045573663	0.0
11	90033356	90033357	1			30.894985	0.0	22.614452	0.0	0.045573663	0.0
11	90687994	90687995	1			47.45331	0.0	33.937233	0.0	0.091147326	0.0
11	93098216	93098217	1			42.07272	0.0	28.897974	0.0	0.11393416	0.0
11	94591678	94591679	1			70.260056	0.0	50.081524	0.0	0.13672099	0.0
11	95009200	95009201	1			63.00494	0.0	47.219723	0.0	0.11393416	0.0
11	96005005	96005006	1			17.495586	0.0	11.94491	0.0	0.022786831	0.0
11	96005030	96005031	1			14.753222	0.0	10.607329	0.0	0.022786831	0.0
11	96005522	96005523	1			35.65073	0.0	25.414042	0.0	0.13672099	0.0
11	96005567	96005568	1			31.971102	0.0	22.925518	0.0	0.13672099	0.0
11	96007033	96007034	1			16.766603	0.0	12.380402	0.0	0.06836049	0.0
11	96007673	96007674	1			27.805487	0.0	20.125929	0.0	0.06836049	0.0
11	96332814	96332815	1			33.706776	0.0	25.258509	0.0	0.06836049	0.0
11	96345937	96345938	1			29.818867	0.0	20.623634	0.0	0.20508148	0.0
11	96345964	96345965	1			39.399784	0.0	27.467072	0.0	0.20508148	0.0
11	96346051	96346052	1			31.866962	0.0	23.298796	0.0	0.11393416	0.0
11	96346054	96346055	1			30.75613	0.0	22.583345	0.0	0.091147326	0.0
11	96988532	96988533	1			69.6005	0.0	51.885704	0.0	0.091147326	0.0
11	98042810	98042811	1			53.07689	0.0	38.789852	0.0	0.20508148	0.0
11	98767344	98767345	1			18.293997	0.0	12.5048275	0.0	0.0	0.0
11	98767348	98767349	1			18.745272	0.0	12.75368	0.0	0.0	0.0
11	98767387	98767388	1			22.04305	0.0	14.495646	0.0	0.0	0.0
11	98767391	98767392	1			22.008337	0.0	14.371221	0.0	0.0	0.0
11	102399398	102399399	1			32.07524	0.0	24.387526	0.0	0.0	0.0
11	102480494	102480495	1			52.313194	0.0	36.519073	0.0	0.06836049	0.0
11	102606002	102606003	1			56.58295	0.0	39.34977	0.0	0.20508148	0.0
11	108039122	108039123	1			56.617664	0.0	40.376286	0.0	0.15950783	0.0
11	113499146	113499147	1			53.80587	0.0	40.749565	0.0	0.15950783	0.0
11	113785976	113785977	1			44.363808	0.0	33.563953	0.0	0.045573663	0.0
11	115891315	115891316	1			18.779985	0.0	13.966835	0.0	0.045573663	0.0
11	116108261	116108262	1			59.811302	0.0	45.228905	0.0	0.15950783	0.0
11	116108285	116108286	1			66.96227	0.0	49.9571	0.0	0.18229465	0.0
11	116108298	116108299	1			73.7314	0.0	54.2498	0.0	0.22786832	0.0
11	116108405	116108406	1			77.237465	0.0	56.365044	0.0	0.18229465	0.0
11	117235563	117235564	1			40.823036	0.0	29.333464	0.0	0.06836049	0.0
11	117250286	117250287	1			75.98778	0.0	54.7164	0.0	0.091147326	0.0
11	119267697	119267698	1			63.525642	0.0	48.40177	0.0	0.15950783	0.0
11	120630508	120630509	1			90.25501	0.0	67.40787	0.0	0.15950783	0.0
11	120641815	120641816	1			85.49927	0.0	60.28447	0.0	0.2962288	0.0
12	14149828	14149829	1			60.401432	0.0	45.6644	0.0	0.15950783	0.0
12	14149957	14149958	1			62.449524	0.0	49.023903	0.0	0.20508148	0.0
12	14150167	14150168	1			48.18229	0.0	36.145798	0.0	0.18229465	0.0
12	14150171	14150172	1			48.355858	0.0	36.332436	0.0	0.18229465	0.0
12	14150177	14150178	1			47.904583	0.0	36.145798	0.0	0.18229465	0.0
12	14150198	14150199	1			43.39183	0.0	32.475224	0.0	0.15950783	0.0
12	14151952	14151953	1			43.07941	0.0	30.795471	0.0	0.13672099	0.0
12	14151978	14151979	1			44.606804	0.0	33.439526	0.0	0.18229465	0.0
12	14151983	14151984	1			46.238335	0.0	34.96375	0.0	0.18229465	0.0
12	14151989	14151990	1			47.731014	0.0	36.39465	0.0	0.15950783	0.0
12	14152094	14152095	1			44.537376	0.0	34.372723	0.0	0.18229465	0.0
12	18514577	18514578	1			45.231647	0.0	36.425755	0.0	0.06836049	0.0
12	18853854	18853855	1			36.96984	0.0	27.467072	0.0	0.045573663	0.0
12	19704171	19704172	1			40.128765	0.0	29.426785	0.0	0.11393416	0.0
12	19704196	19704197	1			43.66954	0.0	31.821987	0.0	0.06836049	0.0
12	19704276	19704277	1			48.529427	0.0	36.02137	0.0	0.15950783	0.0
12	19882413	19882414	1			37.386402	0.0	26.969368	0.0	0.045573663	0.0
12	19882419	19882420	1			37.35169	0.0	27.093794	0.0	0.045573663	0.0
12	19882421	19882422	1			37.421116	0.0	27.280434	0.0	0.06836049	0.0
12	19954353	19954354	1			30.166002	0.0	23.018837	0.0	0.06836049	0.0
12	19954358	19954359	1			30.33957	0.0	23.018837	0.0	0.06836049	0.0
12	19954360	19954361	1			30.304855	0.0	22.64556	0.0	0.06836049	0.0
12	19954370	19954371	1			31.65868	0.0	24.138674	0.0	0.091147326	0.0
12	19954372	19954373	1			30.721416	0.0	23.298796	0.0	0.091147326	0.0
12	19954389	19954390	1			33.672062	0.0	25.227402	0.0	0.091147326	0.0
12	19954391	19954392	1			33.672062	0.0	25.040762	0.0	0.091147326	0.0
12	19954465	19954466	1			33.220787	0.0	24.854124	0.0	0.06836049	0.0
12	20196411	20196412	1			44.815083	0.0	34.434937	0.0	0.091147326	0.0
12	20197016	20197017	1			42.90584	0.0	32.22637	0.0	0.091147326	0.0
12	20312135	20312136	1			34.57461	0.0	26.907154	0.0	0.022786831	0.0
12	20312159	20312160	1			33.949768	0.0	26.22281	0.0	0.022786831	0.0
12	20312169	20312170	1			33.186073	0.0	25.818426	0.0	0.022786831	0.0
12	20312384	20312385	1			43.5654	0.0	32.475224	0.0	0.13672099	0.0
12	20312622	20312623	1			37.178123	0.0	28.275843	0.0	0.045573663	0.0
12	20614980	20614981	1			32.83894	0.0	24.947443	0.0	0.0	0.0
12	22466728	22466729	1			43.044697	0.0	31.510921	0.0	0.06836049	0.0
12	22466733	22466734	1			43.77368	0.0	31.853094	0.0	0.06836049	0.0
12	22466735	22466736	1			43.35712	0.0	31.97752	0.0	0.06836049	0.0
12	22466813	22466814	1			42.83642	0.0	32.568546	0.0	0.11393416	0.0
12	22466819	22466820	1			42.454567	0.0	32.31969	0.0	0.11393416	0.0
12	22466826	22466827	1			44.710945	0.0	34.030552	0.0	0.091147326	0.0
12	22466836	22466837	1			43.738968	0.0	33.252888	0.0	0.091147326	0.0
12	22466848	22466849	1			41.899155	0.0	31.884201	0.0	0.06836049	0.0
12	22745383	22745384	1			44.120815	0.0	34.061657	0.0	0.15950783	0.0
12	22745402	22745403	1			44.537376	0.0	33.812805	0.0	0.15950783	0.0
12	22906098	22906099	1			41.93387	0.0	31.26207	0.0	0.091147326	0.0
12	22906202	22906203	1			50.612232	0.0	39.909687	0.0	0.13672099	0.0
12	22906211	22906212	1			49.431976	0.0	39.100918	0.0	0.11393416	0.0
12	22906213	22906214	1			49.05013	0.0	38.385468	0.0	0.11393416	0.0
12	22906237	22906238	1			49.154266	0.0	38.385468	0.0	0.11393416	0.0
12	27341791	27341792	1			45.856487	0.0	35.616985	0.0	0.091147326	0.0
12	46819148	46819149	1			27.388924	0.0	21.867895	0.0	0.022786831	0.0
12	46819155	46819156	1			28.430328	0.0	22.614452	0.0	0.022786831	0.0
12	46819161	46819162	1			27.354212	0.0	21.74347	0.0	0.022786831	0.0
12	46819170	46819171	1			27.701345	0.0	21.587936	0.0	0.045573663	0.0
12	46819173	46819174	1			27.597206	0.0	21.774576	0.0	0.045573663	0.0
12	46819179	46819180	1			27.04179	0.0	21.55683	0.0	0.045573663	0.0
12	46819289	46819290	1			16.245901	0.0	12.411509	0.0	0.06836049	0.0
12	46819300	46819301	1			16.905458	0.0	12.691467	0.0	0.045573663	0.0
12	46819305	46819306	1			16.558323	0.0	12.567041	0.0	0.022786831	0.0
12	46819874	46819875	1			55.853966	0.0	41.340588	0.0	0.06836049	0.0
12	49383670	49383671	1			20.446232	0.0	14.931138	0.0	0.045573663	0.0
12	49383970	49383971	1			20.203238	0.0	14.620072	0.0	0.06836049	0.0
12	49384436	49384437	1			22.216618	0.0	16.579784	0.0	0.045573663	0.0
12	49385535	49385536	1			40.58004	0.0	28.680227	0.0	0.045573663	0.0
12	49391311	49391312	1			47.245026	0.0	31.604242	0.0	0.11393416	0.0
12	56438729	56438730	1			54.430714	0.0	40.034115	0.0	0.13672099	0.0
12	61524739	61524740	1			50.612232	0.0	36.550182	0.0	0.20508148	0.0
12	76215187	76215188	1			34.227478	0.0	25.289616	0.0	0.045573663	0.0
12	84417643	84417644	1			64.04634	0.0	46.00657	0.0	0.091147326	0.0
12	84417645	84417646	1			64.11577	0.0	46.1621	0.0	0.11393416	0.0
12	84417652	84417653	1			64.56705	0.0	46.566486	0.0	0.11393416	0.0
12	85475616	85475617	1			68.28139	0.0	47.68632	0.0	0.13672099	0.0
12	101012426	101012427	1			62.83137	0.0	45.53997	0.0	0.06836049	0.0
12	105003348	105003349	1			81.854355	0.0	62.026436	0.0	0.11393416	0.0
12	105234295	105234296	1			61.6164	0.0	47.375256	0.0	0.15950783	0.0
12	108328044	108328045	1			58.839325	0.0	43.891323	0.0	0.25065514	0.0
12	108328046	108328047	1			58.457478	0.0	43.860218	0.0	0.25065514	0.0
12	108328056	108328057	1			57.450787	0.0	43.798004	0.0	0.25065514	0.0
12	108328063	108328064	1			56.444096	0.0	43.48694	0.0	0.2962288	0.0
12	108328065	108328066	1			56.930084	0.0	43.549152	0.0	0.2962288	0.0
12	109408773	109408774	1			66.19858	0.0	49.614925	0.0	0.15950783	0.0
12	109408782	109408783	1			66.05972	0.0	49.739353	0.0	0.15950783	0.0
12	109408834	109408835	1			69.32279	0.0	53.81431	0.0	0.2962288	0.0
12	109408943	109408944	1			70.1212	0.0	53.503242	0.0	0.25065514	0.0
12	109511992	109511993	1			41.829727	0.0	29.55121	0.0	0.13672099	0.0
12	110855343	110855344	1			76.26549	0.0	53.503242	0.0	0.27344197	0.0
12	111445885	111445886	1			59.70716	0.0	43.798004	0.0	0.18229465	0.0
12	111998696	111998697	1			63.525642	0.0	45.81993	0.0	0.15950783	0.0
12	112665757	112665758	1			71.9263	0.0	52.881115	0.0	0.15950783	0.0
12	112707532	112707533	1			20.376804	0.0	15.4910555	0.0	0.091147326	0.0
13	10045858	10045859	1			58.80461	0.0	41.8694	0.0	0.091147326	0.0
13	18218741	18218742	1			45.266357	0.0	33.563953	0.0	0.11393416	0.0
13	18218747	18218748	1			47.14089	0.0	34.777107	0.0	0.13672099	0.0
13	18218858	18218859	1			55.263836	0.0	41.96272	0.0	0.22786832	0.0
13	18218860	18218861	1			55.437405	0.0	42.21157	0.0	0.22786832	0.0
13	20120711	20120712	1			70.6419	0.0	53.129967	0.0	0.18229465	0.0
13	25387556	25387557	1			57.034225	0.0	41.49612	0.0	0.06836049	0.0
13	38503124	38503125	1			37.76825	0.0	26.658302	0.0	0.06836049	0.0
13	40657650	40657651	1			60.67914	0.0	43.082554	0.0	0.091147326	0.0
13	41078865	41078866	1			64.87947	0.0	49.86378	0.0	0.11393416	0.0
13	41078981	41078982	1			54.847275	0.0	42.273785	0.0	0.11393416	0.0
13	41079164	41079165	1			20.480946	0.0	14.371221	0.0	0.045573663	0.0
13	41220334	41220335	1			27.14593	0.0	19.721544	0.0	0.022786831	0.0
13	41220361	41220362	1			26.24338	0.0	19.690437	0.0	0.022786831	0.0
13	41220365	41220366	1			26.24338	0.0	19.783758	0.0	0.022786831	0.0
13	41220504	41220505	1			20.862793	0.0	15.428843	0.0	0.045573663	0.0
13	52989777	52989778	1			65.365456	0.0	48.61952	0.0	0.045573663	0.0
13	53257187	53257188	1			51.37593	0.0	36.36354	0.0	0.091147326	0.0
13	54178642	54178643	1			44.815083	0.0	33.346207	0.0	0.091147326	0.0
13	58806665	58806666	1			48.529427	0.0	36.052475	0.0	0.15950783	0.0
13	60176260	60176261	1			52.139626	0.0	39.59862	0.0	0.091147326	0.0
13	60176384	60176385	1			52.139626	0.0	39.69194	0.0	0.11393416	0.0
13	60176517	60176518	1			50.57752	0.0	40.034115	0.0	0.11393416	0.0
13	60176554	60176555	1			48.59885	0.0	38.44768	0.0	0.06836049	0.0
13	60348033	60348034	1			55.29855	0.0	39.9719	0.0	0.091147326	0.0
13	60497752	60497753	1			49.18898	0.0	34.186085	0.0	0.11393416	0.0
13	60687050	60687051	1			94.14292	0.0	71.8561	0.0	0.27344197	0.0
13	60687073	60687074	1			90.914566	0.0	69.80307	0.0	0.25065514	0.0
13	65726822	65726823	1			3.644914	0.0	2.1774576	0.0	0.0	0.0
13	71959658	71959659	1			47.904583	0.0	36.145798	0.0	0.15950783	0.0
13	76384398	76384399	1			36.206146	0.0	27.40486	0.0	0.13672099	0.0
13	81025544	81025545	1			0.034713466	0.0	0.062213074	0.0	0.045573663	0.0
13	94706728	94706729	1			46.86318	0.0	33.03514	0.0	0.11393416	0.0
13	95616595	95616596	1			51.68835	0.0	36.73682	0.0	0.06836049	0.0
13	97291295	97291296	1			34.678753	0.0	25.818426	0.0	0.091147326	0.0
13	100752695	100752696	1			77.16804	0.0	56.738323	0.0	0.27344197	0.0
13	101879935	101879936	1			65.71259	0.0	48.15292	0.0	0.091147326	0.0
13	102639929	102639930	1			67.10113	0.0	51.325787	0.0	0.18229465	0.0
13	112443509	112443510	1			63.872776	0.0	46.34874	0.0	0.06836049	0.0
13	112443517	112443518	1			64.67119	0.0	47.06419	0.0	0.11393416	0.0
13	112443541	112443542	1			63.733925	0.0	45.72661	0.0	0.091147326	0.0
13	112443543	112443544	1			63.143795	0.0	45.228905	0.0	0.091147326	0.0
13	114933593	114933594	1			62.067677	0.0	46.317635	0.0	0.13672099	0.0
13	115959378	115959379	1			0.0	0.0	0.0	0.0	0.022786831	0.0
13	117603200	117603201	1			30.131289	0.0	22.738878	0.0	0.0	0.0
13	119741978	119741979	1			53.701733	0.0	38.91428	0.0	0.15950783	0.0
14	4415197	4415198	1			3.367206	0.0	2.146351	0.0	0.0	0.0
14	4649593	4649594	1			4.4433236	0.0	3.2039733	0.0	0.0	0.0
14	4649732	4649733	1			14.0242405	0.0	9.145322	0.0	0.06836049	0.0
14	4726410	4726411	1			1.9786675	0.0	0.96430266	0.0	0.022786831	0.0
14	17483381	17483382	1			59.811302	0.0	44.077965	0.0	0.18229465	0.0
14	21990782	21990783	1			66.47629	0.0	48.5262	0.0	0.06836049	0.0
14	21990796	21990797	1			65.01832	0.0	47.31304	0.0	0.091147326	0.0
14	21990803	21990804	1			63.213223	0.0	46.193207	0.0	0.06836049	0.0
14	43122171	43122172	1			39.434498	0.0	28.02699	0.0	0.06836049	0.0
14	51054369	51054370	1			80.1881	0.0	59.10242	0.0	0.06836049	0.0
14	54408731	54408732	1			67.62183	0.0	49.086117	0.0	0.11393416	0.0
14	55827084	55827085	1			61.0957	0.0	45.353333	0.0	0.091147326	0.0
14	59840574	59840575	1			59.360027	0.0	44.762306	0.0	0.13672099	0.0
14	61689834	61689835	1			56.339954	0.0	41.15395	0.0	0.091147326	0.0
14	61689932	61689933	1			69.982346	0.0	50.890293	0.0	0.13672099	0.0
14	61689950	61689951	1			58.839325	0.0	42.647064	0.0	0.091147326	0.0
14	63123892	63123893	1			48.147575	0.0	34.68379	0.0	0.091147326	0.0
14	63123900	63123901	1			49.570827	0.0	35.77252	0.0	0.091147326	0.0
14	65326541	65326542	1			51.09822	0.0	37.01678	0.0	0.15950783	0.0
14	65676372	65676373	1			54.81256	0.0	38.72764	0.0	0.22786832	0.0
14	67146752	67146753	1			61.963535	0.0	46.068783	0.0	0.22786832	0.0
14	70079771	70079772	1			53.250458	0.0	37.327847	0.0	0.15950783	0.0
14	74643113	74643114	1			51.306503	0.0	37.856655	0.0	0.045573663	0.0
14	75192890	75192891	1			58.665756	0.0	43.20698	0.0	0.06836049	0.0
14	93891076	93891077	1			51.68835	0.0	38.16772	0.0	0.06836049	0.0
14	122462914	122462915	1			50.19567	0.0	36.239117	0.0	0.15950783	0.0
15	26308783	26308784	1			16.41947	0.0	11.696058	0.0	0.0	0.0
15	26308785	26308786	1			16.73189	0.0	11.913804	0.0	0.0	0.0
15	26308807	26308808	1			18.363424	0.0	13.251385	0.0	0.0	0.0
15	26308812	26308813	1			18.363424	0.0	13.344705	0.0	0.0	0.0
15	26895770	26895771	1			35.199455	0.0	26.160597	0.0	0.06836049	0.0
15	36641258	36641259	1			79.771545	0.0	58.635822	0.0	0.045573663	0.0
15	58979668	58979669	1			88.51934	0.0	66.505775	0.0	0.25065514	0.0
15	71727965	71727966	1			43.66954	0.0	32.817398	0.0	0.06836049	0.0
15	72546959	72546960	1			37.004555	0.0	26.876049	0.0	0.11393416	0.0
15	72547547	72547548	1			15.621059	0.0	11.4161	0.0	0.022786831	0.0
15	72547706	72547707	1			31.485113	0.0	24.169779	0.0	0.06836049	0.0
15	73176975	73176976	1			87.33908	0.0	62.15086	0.0	0.31901565	0.0
15	73893927	73893928	1			59.151745	0.0	42.709274	0.0	0.11393416	0.0
15	76087218	76087219	1			79.87569	0.0	59.4757	0.0	0.15950783	0.0
15	76090097	76090098	1			47.418594	0.0	35.39924	0.0	0.091147326	0.0
15	76189160	76189161	1			71.47503	0.0	52.943325	0.0	0.25065514	0.0
15	79879275	79879276	1			60.60971	0.0	44.077965	0.0	0.15950783	0.0
15	80111387	80111388	1			27.909626	0.0	20.312569	0.0	0.06836049	0.0
15	82928785	82928786	1			56.270527	0.0	42.647064	0.0	0.15950783	0.0
15	85961529	85961530	1			61.68583	0.0	45.228905	0.0	0.15950783	0.0
15	87625452	87625453	1			37.073982	0.0	28.493587	0.0	0.06836049	0.0
15	87625501	87625502	1			41.309025	0.0	30.73326	0.0	0.091147326	0.0
15	87625503	87625504	1			40.788322	0.0	30.297768	0.0	0.091147326	0.0
15	87625507	87625508	1			41.204884	0.0	30.577726	0.0	0.11393416	0.0
15	87625524	87625525	1			45.3705	0.0	32.941822	0.0	0.045573663	0.0
15	87625658	87625659	1			48.841846	0.0	35.616985	0.0	0.06836049	0.0
15	89068300	89068301	1			59.325314	0.0	42.367104	0.0	0.13672099	0.0
15	95527878	95527879	1			30.061861	0.0	21.152445	0.0	0.06836049	0.0
15	95527971	95527972	1			33.394356	0.0	24.107567	0.0	0.13672099	0.0
15	95527978	95527979	1			32.943077	0.0	23.672075	0.0	0.13672099	0.0
15	98780615	98780616	1			54.534855	0.0	40.718456	0.0	0.11393416	0.0
15	98780773	98780774	1			56.58295	0.0	42.989235	0.0	0.15950783	0.0
15	98780779	98780780	1			56.825943	0.0	43.082554	0.0	0.15950783	0.0
15	98780782	98780783	1			57.06894	0.0	42.989235	0.0	0.15950783	0.0
15	98780817	98780818	1			52.452045	0.0	39.78526	0.0	0.15950783	0.0
15	98895041	98895042	1			62.935513	0.0	45.72661	0.0	0.13672099	0.0
15	98895289	98895290	1			80.951805	0.0	58.604717	0.0	0.13672099	0.0
15	98898261	98898262	1			73.10656	0.0	54.560867	0.0	0.13672099	0.0
15	100462104	100462105	1			82.96518	0.0	61.933117	0.0	0.18229465	0.0
15	100728625	100728626	1			57.936775	0.0	43.64247	0.0	0.091147326	0.0
15	102460331	102460332	1			70.39891	0.0	50.890293	0.0	0.25065514	0.0
15	102460354	102460355	1			73.592545	0.0	52.91222	0.0	0.25065514	0.0
16	4419191	4419192	1			79.771545	0.0	60.00451	0.0	0.091147326	0.0
16	9993045	9993046	1			29.124598	0.0	21.867895	0.0	0.091147326	0.0
16	9994229	9994230	1			25.410257	0.0	18.477283	0.0	0.045573663	0.0
16	9994255	9994256	1			23.501017	0.0	17.388554	0.0	0.022786831	0.0
16	9994912	9994913	1			36.44914	0.0	27.062687	0.0	0.091147326	0.0
16	9995609	9995610	1			46.27305	0.0	34.12387	0.0	0.06836049	0.0
16	9995620	9995621	1			47.38388	0.0	34.83932	0.0	0.06836049	0.0
16	9995630	9995631	1			46.238335	0.0	34.12387	0.0	0.06836049	0.0
16	11494994	11494995	1			62.9008	0.0	45.44665	0.0	0.13672099	0.0
16	18585751	18585752	1			39.46921	0.0	27.31154	0.0	0.091147326	0.0
16	18588445	18588446	1			52.556187	0.0	39.536407	0.0	0.045573663	0.0
16	18588726	18588727	1			56.37467	0.0	45.042267	0.0	0.15950783	0.0
16	18588880	18588881	1			52.938034	0.0	40.53182	0.0	0.06836049	0.0
16	18588884	18588885	1			52.452045	0.0	40.4385	0.0	0.022786831	0.0
16	18588889	18588890	1			51.86192	0.0	40.034115	0.0	0.022786831	0.0
16	18588908	18588909	1			49.431976	0.0	37.327847	0.0	0.022786831	0.0
16	18624828	18624829	1			71.57916	0.0	51.82349	0.0	0.22786832	0.0
16	20802302	20802303	1			46.516045	0.0	35.990265	0.0	0.20508148	0.0
16	20804373	20804374	1			59.18646	0.0	41.4028	0.0	0.20508148	0.0
16	20804402	20804403	1			58.59633	0.0	41.185055	0.0	0.20508148	0.0
16	21205884	21205885	1			37.802963	0.0	27.964777	0.0	0.13672099	0.0
16	21205921	21205922	1			40.927177	0.0	30.111128	0.0	0.15950783	0.0
16	21247270	21247271	1			52.00077	0.0	37.91887	0.0	0.15950783	0.0
16	28596352	28596353	1			53.97944	0.0	37.79444	0.0	0.18229465	0.0
16	30171950	30171951	1			55.506832	0.0	40.625137	0.0	0.15950783	0.0
16	32696999	32697000	1			69.704636	0.0	50.330376	0.0	0.15950783	0.0
16	33755524	33755525	1			64.636475	0.0	46.97087	0.0	0.20508148	0.0
16	33755533	33755534	1			67.93425	0.0	48.96169	0.0	0.20508148	0.0
16	33755541	33755542	1			68.5591	0.0	50.112633	0.0	0.18229465	0.0
16	35156450	35156451	1			35.130028	0.0	25.60068	0.0	0.091147326	0.0
16	35156456	35156457	1			35.720158	0.0	25.973959	0.0	0.11393416	0.0
16	35156527	35156528	1			37.14341	0.0	28.400269	0.0	0.06836049	0.0
16	35449625	35449626	1			52.27848	0.0	37.141205	0.0	0.06836049	0.0
16	44746673	44746674	1			64.11577	0.0	47.624107	0.0	0.18229465	0.0
16	58107088	58107089	1			67.0317	0.0	50.610336	0.0	0.22786832	0.0
16	65815006	65815007	1			38.87908	0.0	29.333464	0.0	0.091147326	0.0
16	91447599	91447600	1			82.96518	0.0	60.440002	0.0	0.18229465	0.0
16	94123505	94123506	1			58.839325	0.0	43.922432	0.0	0.11393416	0.0
17	23743834	23743835	1			86.67953	0.0	63.768402	0.0	0.25065514	0.0
17	25568593	25568594	1			39.746918	0.0	28.02699	0.0	0.13672099	0.0
17	25867240	25867241	1			89.21361	0.0	66.35024	0.0	0.20508148	0.0
17	26439060	26439061	1			60.332005	0.0	46.846443	0.0	0.15950783	0.0
17	26439069	26439070	1			62.623093	0.0	48.40177	0.0	0.20508148	0.0
17	26439082	26439083	1			66.30272	0.0	51.29468	0.0	0.20508148	0.0
17	26439139	26439140	1			64.081055	0.0	50.29927	0.0	0.31901565	0.0
17	26439144	26439145	1			63.213223	0.0	49.739353	0.0	0.31901565	0.0
17	26439179	26439180	1			63.4215	0.0	50.174843	0.0	0.22786832	0.0
17	26439181	26439182	1			62.067677	0.0	48.77505	0.0	0.22786832	0.0
17	26439269	26439270	1			66.511	0.0	51.8546	0.0	0.13672099	0.0
17	28298325	28298326	1			44.710945	0.0	31.479816	0.0	0.045573663	0.0
17	28926372	28926373	1			68.28139	0.0	50.29927	0.0	0.15950783	0.0
17	29434835	29434836	1			51.723064	0.0	36.11469	0.0	0.06836049	0.0
17	29494637	29494638	1			90.39387	0.0	67.28344	0.0	0.15950783	0.0
17	32659592	32659593	1			64.25462	0.0	46.504272	0.0	0.11393416	0.0
17	34185742	34185743	1			75.91835	0.0	57.04939	0.0	0.11393416	0.0
17	35425290	35425291	1			121.531845	0.0	94.1906	0.0	0.3645893	0.0
17	35425346	35425347	1			127.88441	0.0	99.78977	0.0	0.3645893	0.0
17	35425376	35425377	1			94.55948	0.0	74.46905	0.0	0.2962288	0.0
17	35425822	35425823	1			136.07678	0.0	98.20334	0.0	0.13672099	0.0
17	35439620	35439621	1			93.65693	0.0	69.18094	0.0	0.25065514	0.0
17	35439634	35439635	1			101.29389	0.0	75.30893	0.0	0.20508148	0.0
17	35439648	35439649	1			105.042946	0.0	78.17073	0.0	0.18229465	0.0
17	35702277	35702278	1			53.07689	0.0	39.16313	0.0	0.13672099	0.0
17	36216209	36216210	1			54.56957	0.0	40.096325	0.0	0.13672099	0.0
17	36216216	36216217	1			54.916702	0.0	40.31407	0.0	0.13672099	0.0
17	36216219	36216220	1			54.88199	0.0	40.282967	0.0	0.13672099	0.0
17	36216241	36216242	1			52.17434	0.0	38.198826	0.0	0.15950783	0.0
17	36216394	36216395	1			51.75778	0.0	36.892353	0.0	0.091147326	0.0
17	41751583	41751584	1			26.24338	0.0	19.0372	0.0	0.045573663	0.0
17	44129495	44129496	1			74.18268	0.0	56.022873	0.0	0.13672099	0.0
17	44476055	44476056	1			59.047604	0.0	43.144768	0.0	0.11393416	0.0
17	49435258	49435259	1			86.12411	0.0	67.0657	0.0	0.27344197	0.0
17	56763026	56763027	1			23.292736	0.0	16.859743	0.0	0.091147326	0.0
17	62880466	62880467	1			16.697178	0.0	10.140731	0.0	0.022786831	0.0
17	62880471	62880472	1			17.356733	0.0	10.265158	0.0	0.022786831	0.0
17	62880473	62880474	1			17.356733	0.0	10.389584	0.0	0.022786831	0.0
17	62880488	62880489	1			20.758652	0.0	13.126959	0.0	0.0	0.0
17	68841158	68841159	1			42.801704	0.0	31.79088	0.0	0.18229465	0.0
17	68841181	68841182	1			43.18355	0.0	31.16875	0.0	0.18229465	0.0
17	68841184	68841185	1			43.287693	0.0	31.417603	0.0	0.18229465	0.0
17	69076034	69076035	1			47.835155	0.0	34.372723	0.0	0.091147326	0.0
17	69439607	69439608	1			20.82808	0.0	14.153475	0.0	0.0	0.0
17	71986386	71986387	1			59.39474	0.0	43.518047	0.0	0.13672099	0.0
17	85621802	85621803	1			42.593422	0.0	31.697561	0.0	0.11393416	0.0
17	85822113	85822114	1			51.68835	0.0	38.88317	0.0	0.045573663	0.0
17	88791846	88791847	1			37.178123	0.0	26.50277	0.0	0.06836049	0.0
18	9213462	9213463	1			46.828465	0.0	35.11928	0.0	0.06836049	0.0
18	9213672	9213673	1			50.751087	0.0	37.172314	0.0	0.06836049	0.0
18	9213813	9213814	1			49.46669	0.0	35.896942	0.0	0.045573663	0.0
18	9213823	9213824	1			49.327835	0.0	35.990265	0.0	0.06836049	0.0
18	9213836	9213837	1			48.28643	0.0	35.02596	0.0	0.06836049	0.0
18	9214905	9214906	1			55.749825	0.0	42.55374	0.0	0.13672099	0.0
18	9214913	9214914	1			55.78454	0.0	42.58485	0.0	0.15950783	0.0
18	9214918	9214919	1			55.99282	0.0	42.522636	0.0	0.13672099	0.0
18	9215030	9215031	1			67.58712	0.0	50.174843	0.0	0.11393416	0.0
18	9215036	9215037	1			65.12246	0.0	48.339558	0.0	0.11393416	0.0
18	10441000	10441001	1			0.0	0.0	0.0	0.0	0.06836049	0.0
18	22343957	22343958	1			35.78958	0.0	28.400269	0.0	0.06836049	0.0
18	22343961	22343962	1			36.414425	0.0	28.92908	0.0	0.06836049	0.0
18	22344063	22344064	1			34.123337	0.0	25.818426	0.0	0.11393416	0.0
18	22344070	22344071	1			31.866962	0.0	24.200886	0.0	0.11393416	0.0
18	22344446	22344447	1			30.131289	0.0	23.236584	0.0	0.091147326	0.0
18	22344787	22344788	1			37.6294	0.0	25.662893	0.0	0.15950783	0.0
18	25753144	25753145	1			29.124598	0.0	20.281462	0.0	0.022786831	0.0
18	31939300	31939301	1			45.64821	0.0	34.46604	0.0	0.11393416	0.0
18	38703335	38703336	1			75.29351	0.0	55.027466	0.0	0.13672099	0.0
18	42395730	42395731	1			44.919224	0.0	31.79088	0.0	0.25065514	0.0
18	58209809	58209810	1			49.709682	0.0	35.77252	0.0	0.022786831	0.0
18	58209988	58209989	1			35.928436	0.0	26.50277	0.0	0.091147326	0.0
18	58210351	58210352	1			21.001646	0.0	14.682285	0.0	0.045573663	0.0
18	59175739	59175740	1			36.72685	0.0	27.5915	0.0	0.091147326	0.0
18	59175742	59175743	1			36.76156	0.0	27.373753	0.0	0.06836049	0.0
18	59175744	59175745	1			36.13672	0.0	27.21822	0.0	0.06836049	0.0
18	61036161	61036162	1			40.68418	0.0	30.297768	0.0	0.06836049	0.0
18	61036170	61036171	1			40.510616	0.0	30.08002	0.0	0.06836049	0.0
18	61036373	61036374	1			41.795013	0.0	31.884201	0.0	0.13672099	0.0
18	61036382	61036383	1			41.552017	0.0	31.821987	0.0	0.13672099	0.0
18	61036401	61036402	1			39.05265	0.0	29.893383	0.0	0.13672099	0.0
18	64345374	64345375	1			52.452045	0.0	36.581287	0.0	0.13672099	0.0
18	65501441	65501442	1			53.38931	0.0	38.852066	0.0	0.13672099	0.0
18	65505742	65505743	1			67.65655	0.0	49.272755	0.0	0.13672099	0.0
18	82545776	82545777	1			70.46834	0.0	51.885704	0.0	0.18229465	0.0
18	83051675	83051676	1			53.18103	0.0	37.54559	0.0	0.13672099	0.0
19	5071399	5071400	1			39.920486	0.0	28.30695	0.0	0.13672099	0.0
19	5742376	5742377	1			40.232906	0.0	32.537437	0.0	0.0	0.0
19	5742398	5742399	1			45.717636	0.0	36.456863	0.0	0.022786831	0.0
19	5742406	5742407	1			49.77911	0.0	40.251858	0.0	0.045573663	0.0
19	5742503	5742504	1			60.817993	0.0	48.121815	0.0	0.11393416	0.0
19	5751034	5751035	1			76.85561	0.0	55.089676	0.0	0.091147326	0.0
19	5751185	5751186	1			85.98525	0.0	63.48844	0.0	0.13672099	0.0
19	5751200	5751201	1			84.42315	0.0	61.839794	0.0	0.11393416	0.0
19	5756855	5756856	1			34.192764	0.0	23.143263	0.0	0.022786831	0.0
19	5756862	5756863	1			34.713467	0.0	23.236584	0.0	0.022786831	0.0
19	5756875	5756876	1			33.56792	0.0	22.583345	0.0	0.022786831	0.0
19	5756878	5756879	1			33.394356	0.0	22.334494	0.0	0.022786831	0.0
19	6565364	6565365	1			46.724323	0.0	36.11469	0.0	0.091147326	0.0
19	6830086	6830087	1			51.514782	0.0	39.62973	0.0	0.20508148	0.0
19	6830204	6830205	1			56.964798	0.0	44.637882	0.0	0.11393416	0.0
19	6830384	6830385	1			58.908752	0.0	43.891323	0.0	0.18229465	0.0
19	6830390	6830391	1			59.325314	0.0	43.984642	0.0	0.15950783	0.0
19	6830399	6830400	1			58.422764	0.0	43.922432	0.0	0.13672099	0.0
19	6830407	6830408	1			56.06225	0.0	42.460423	0.0	0.13672099	0.0
19	6934317	6934318	1			58.769897	0.0	42.92702	0.0	0.18229465	0.0
19	6995638	6995639	1			93.3098	0.0	71.29618	0.0	0.25065514	0.0
19	7096468	7096469	1			74.147964	0.0	54.032055	0.0	0.045573663	0.0
19	7423429	7423430	1			48.807133	0.0	36.425755	0.0	0.15950783	0.0
19	8965882	8965883	1			94.55948	0.0	67.532295	0.0	0.22786832	0.0
19	16870601	16870602	1			48.911274	0.0	35.710304	0.0	0.091147326	0.0
19	18624451	18624452	1			93.44865	0.0	68.403275	0.0	0.22786832	0.0
19	27217041	27217042	1			31.866962	0.0	22.769985	0.0	0.15950783	0.0
19	27217087	27217088	1			34.57461	0.0	25.78732	0.0	0.091147326	0.0
19	27217182	27217183	1			31.4504	0.0	22.738878	0.0	0.06836049	0.0
19	27217192	27217193	1			30.44371	0.0	21.930109	0.0	0.045573663	0.0
19	27217200	27217201	1			29.05517	0.0	21.27687	0.0	0.045573663	0.0
19	27217204	27217205	1			28.673323	0.0	20.872486	0.0	0.045573663	0.0
19	27217356	27217357	1			7.428682	0.0	5.132579	0.0	0.045573663	0.0
19	27217362	27217363	1			7.359255	0.0	5.0703654	0.0	0.045573663	0.0
19	27217364	27217365	1			7.359255	0.0	5.101472	0.0	0.045573663	0.0
19	30451132	30451133	1			64.15048	0.0	48.121815	0.0	0.11393416	0.0
19	34746667	34746668	1			69.704636	0.0	53.783203	0.0	0.22786832	0.0
19	37693237	37693238	1			55.47212	0.0	40.562923	0.0	0.20508148	0.0
19	37693429	37693430	1			61.78997	0.0	44.980053	0.0	0.25065514	0.0
19	37697026	37697027	1			57.20779	0.0	42.273785	0.0	0.11393416	0.0
19	37918755	37918756	1			45.995342	0.0	34.621574	0.0	0.15950783	0.0
19	40487488	40487489	1			97.99612	0.0	75.58888	0.0	0.13672099	0.0
19	40487655	40487656	1			78.03587	0.0	57.42267	0.0	0.20508148	0.0
19	40487657	40487658	1			76.85561	0.0	56.67611	0.0	0.20508148	0.0
19	40487673	40487674	1			71.85687	0.0	53.067753	0.0	0.20508148	0.0
19	42755650	42755651	1			69.46165	0.0	52.66337	0.0	0.2962288	0.0
19	43601519	43601520	1			52.76447	0.0	38.63432	0.0	0.045573663	0.0
19	43833663	43833664	1			24.091145	0.0	17.855152	0.0	0.091147326	0.0
19	43833683	43833684	1			24.299425	0.0	17.544086	0.0	0.091147326	0.0
19	43927382	43927383	1			57.97149	0.0	40.998417	0.0	0.11393416	0.0
19	44760660	44760661	1			35.928436	0.0	25.227402	0.0	0.06836049	0.0
19	45078654	45078655	1			68.802086	0.0	51.388	0.0	0.13672099	0.0
19	56631595	56631596	1			58.075626	0.0	44.046856	0.0	0.045573663	0.0
19	61225504	61225505	1			26.625229	0.0	21.245766	0.0	0.13672099	0.0
19	61225523	61225524	1			27.354212	0.0	22.396708	0.0	0.13672099	0.0
19	61225535	61225536	1			27.180643	0.0	22.334494	0.0	0.13672099	0.0
19	61225625	61225626	1			24.472994	0.0	20.21925	0.0	0.06836049	0.0
19	61225630	61225631	1			24.681274	0.0	20.374783	0.0	0.06836049	0.0
19	61225643	61225644	1			24.507708	0.0	19.752651	0.0	0.06836049	0.0
19	61225646	61225647	1			24.64656	0.0	19.814865	0.0	0.091147326	0.0
19	61225696	61225697	1			22.008337	0.0	17.23302	0.0	0.06836049	0.0
19	61226250	61226251	1			37.594685	0.0	26.782728	0.0	0.06836049	0.0
19	61226979	61226980	1			22.077765	0.0	15.957654	0.0	0.022786831	0.0
