Chr	Start	End	No. Probes	Features	Descriptions	Mean Custom_library	StDev Custom_library	Mean xGen_library	StDev xGen_library	Mean Noenrichment_library	StDev Noenrichment_library
1	13126776	13126777	1			16.19696	0.0	15.778552	0.0	7.7640243	0.0
1	13126897	13126898	1			15.9465885	0.0	15.462324	0.0	5.9566693	0.0
1	13126903	13126904	1			15.968041	0.0	15.490495	0.0	5.9566693	0.0
1	13659712	13659713	1			16.725727	0.0	16.348934	0.0	8.4161005	0.0
1	15287263	15287264	1			15.423499	0.0	14.83614	0.0	4.9566693	0.0
1	16093353	16093354	1			15.431243	0.0	14.944845	0.0	5.9566693	0.0
1	42491877	42491878	1			15.933562	0.0	15.542678	0.0	6.5416317	0.0
1	42491879	42491880	1			15.924811	0.0	15.542678	0.0	6.5416317	0.0
1	42491910	42491911	1			15.99755	0.0	15.599213	0.0	7.2785974	0.0
1	42694085	42694086	1			15.792783	0.0	15.371471	0.0	6.5416317	0.0
1	42694763	42694764	1			15.081634	0.0	14.529808	0.0	5.9566693	0.0
1	42694802	42694803	1			15.017235	0.0	14.524628	0.0	4.9566693	0.0
1	42697622	42697623	1			15.227523	0.0	14.772009	0.0	6.5416317	0.0
1	55363538	55363539	1			15.429698	0.0	15.027739	0.0	5.9566693	0.0
1	55363551	55363552	1			15.454228	0.0	15.051345	0.0	5.9566693	0.0
1	55363555	55363556	1			15.507944	0.0	15.11132	0.0	5.9566693	0.0
1	55363577	55363578	1			15.5597315	0.0	15.138702	0.0	6.5416317	0.0
1	58165381	58165382	1			16.329664	0.0	15.858957	0.0	7.7640243	0.0
1	63273207	63273208	1			14.773417	0.0	14.232235	0.0	6.5416317	0.0
1	63273286	63273287	1			15.097294	0.0	14.605359	0.0	6.5416317	0.0
1	63273288	63273289	1			15.077692	0.0	14.585596	0.0	6.5416317	0.0
1	63273291	63273292	1			15.065802	0.0	14.575612	0.0	6.5416317	0.0
1	63273312	63273313	1			14.947669	0.0	14.45281	0.0	6.5416317	0.0
1	74783810	74783811	1			16.068783	0.0	15.678316	0.0	7.7640243	0.0
1	75015945	75015946	1			16.264404	0.0	15.880406	0.0	7.9566693	0.0
1	85109189	85109190	1			17.36041	0.0	16.844479	0.0	8.956669	0.0
1	89930356	89930357	1			15.497655	0.0	15.031396	0.0	6.5416317	0.0
1	89931151	89931152	1			15.99755	0.0	15.552892	0.0	7.2785974	0.0
1	89931154	89931155	1			15.989181	0.0	15.554163	0.0	6.9566693	0.0
1	89992391	89992392	1			15.457266	0.0	14.952581	0.0	4.9566693	0.0
1	101902585	101902586	1			16.344503	0.0	15.926306	0.0	7.5416317	0.0
1	109982672	109982673	1			14.690669	0.0	14.219468	0.0	4.9566693	0.0
1	109983103	109983104	1			15.497655	0.0	14.994401	0.0	7.2785974	0.0
1	109983111	109983112	1			15.42039	0.0	14.915462	0.0	7.2785974	0.0
1	109983116	109983117	1			15.377746	0.0	14.871253	0.0	7.2785974	0.0
1	112416723	112416724	1			15.893761	0.0	15.469082	0.0	7.5416317	0.0
1	120600185	120600186	1			16.165735	0.0	15.666606	0.0	8.126595	0.0
1	126925769	126925770	1			16.4071	0.0	15.957395	0.0	7.5416317	0.0
1	132767697	132767698	1			16.568186	0.0	16.138702	0.0	8.764024	0.0
1	132951989	132951990	1			16.303745	0.0	15.863068	0.0	7.2785974	0.0
1	134998387	134998388	1			15.6192465	0.0	15.208203	0.0	5.9566693	0.0
1	135374460	135374461	1			16.153616	0.0	15.66543	0.0	7.5416317	0.0
1	152956175	152956176	1			15.88927	0.0	15.45281	0.0	7.5416317	0.0
1	157444638	157444639	1			16.239922	0.0	15.747762	0.0	7.2785974	0.0
1	164693668	164693669	1			-6.643856	0.0	-6.643856	0.0	6.5416317	0.0
1	179842633	179842634	1			16.034624	0.0	15.573105	0.0	6.9566693	0.0
1	184882832	184882833	1			15.919315	0.0	15.538829	0.0	7.2785974	0.0
1	185455119	185455120	1			15.539812	0.0	15.125075	0.0	6.9566693	0.0
1	185455219	185455220	1			15.718782	0.0	15.29443	0.0	6.5416317	0.0
1	185455370	185455371	1			15.88927	0.0	15.416914	0.0	6.9566693	0.0
2	6730156	6730157	1			16.479843	0.0	16.038681	0.0	7.2785974	0.0
2	7063783	7063784	1			16.324684	0.0	15.917439	0.0	8.126595	0.0
2	9884576	9884577	1			15.888145	0.0	15.409907	0.0	6.9566693	0.0
2	16400594	16400595	1			15.580772	0.0	15.206587	0.0	6.9566693	0.0
2	21237200	21237201	1			16.475357	0.0	16.097431	0.0	7.7640243	0.0
2	29195635	29195636	1			15.78071	0.0	15.329014	0.0	7.2785974	0.0
2	29198493	29198494	1			16.444313	0.0	16.057636	0.0	8.126595	0.0
2	30652644	30652645	1			15.539812	0.0	15.053145	0.0	7.2785974	0.0
2	30652665	30652666	1			15.631399	0.0	15.147154	0.0	7.2785974	0.0
2	30652730	30652731	1			15.49618	0.0	14.944845	0.0	6.5416317	0.0
2	33975929	33975930	1			16.061817	0.0	15.540113	0.0	7.5416317	0.0
2	37793601	37793602	1			15.90826	0.0	15.50635	0.0	4.9566693	0.0
2	54436805	54436806	1			15.59187	0.0	15.135307	0.0	6.9566693	0.0
2	54436939	54436940	1			15.939004	0.0	15.568078	0.0	5.9566693	0.0
2	54437069	54437070	1			16.218601	0.0	15.88142	0.0	7.2785974	0.0
2	54437205	54437206	1			16.642115	0.0	16.268324	0.0	8.541632	0.0
2	57109445	57109446	1			16.652752	0.0	16.122507	0.0	7.7640243	0.0
2	57111362	57111363	1			16.020319	0.0	15.600444	0.0	6.5416317	0.0
2	57111388	57111389	1			16.084583	0.0	15.685297	0.0	4.9566693	0.0
2	57111502	57111503	1			16.400015	0.0	16.001877	0.0	6.9566693	0.0
2	57111641	57111642	1			16.102154	0.0	15.580612	0.0	7.7640243	0.0
2	57112007	57112008	1			16.341219	0.0	15.870233	0.0	7.2785974	0.0
2	57112041	57112042	1			16.342863	0.0	15.885468	0.0	6.9566693	0.0
2	59829395	59829396	1			16.023396	0.0	15.580612	0.0	6.5416317	0.0
2	61815602	61815603	1			14.700955	0.0	14.209818	0.0	4.9566693	0.0
2	61815608	61815609	1			14.775853	0.0	14.32455	0.0	4.9566693	0.0
2	61815777	61815778	1			15.423499	0.0	15.018556	0.0	6.5416317	0.0
2	63184154	63184155	1			15.209623	0.0	14.745537	0.0	-6.643856	0.0
2	63184156	63184157	1			15.227523	0.0	14.747762	0.0	-6.643856	0.0
2	63184163	63184164	1			15.323853	0.0	14.829853	0.0	5.9566693	0.0
2	63184233	63184234	1			15.393687	0.0	14.901542	0.0	6.9566693	0.0
2	63184245	63184246	1			15.32052	0.0	14.80015	0.0	6.9566693	0.0
2	63184273	63184274	1			14.73389	0.0	14.238577	0.0	6.9566693	0.0
2	68383838	68383839	1			16.586332	0.0	16.19685	0.0	8.126595	0.0
2	74655649	74655650	1			15.510871	0.0	15.104391	0.0	6.9566693	0.0
2	74655825	74655826	1			15.464831	0.0	15.113046	0.0	6.5416317	0.0
2	74655990	74655991	1			15.826059	0.0	15.460969	0.0	7.2785974	0.0
2	74682449	74682450	1			15.681607	0.0	15.219468	0.0	5.9566693	0.0
2	74682458	74682459	1			15.694535	0.0	15.209818	0.0	5.9566693	0.0
2	75425568	75425569	1			16.298674	0.0	15.920401	0.0	7.2785974	0.0
2	77816430	77816431	1			15.423499	0.0	15.009314	0.0	6.9566693	0.0
2	77816438	77816439	1			15.46634	0.0	15.038682	0.0	6.9566693	0.0
2	77816575	77816576	1			15.658042	0.0	15.326039	0.0	7.2785974	0.0
2	77816583	77816584	1			15.658042	0.0	15.318576	0.0	7.2785974	0.0
2	77816782	77816783	1			15.731382	0.0	15.392951	0.0	6.9566693	0.0
2	77816901	77816902	1			15.350234	0.0	15.049543	0.0	6.9566693	0.0
2	77816917	77816918	1			15.351867	0.0	15.020396	0.0	6.9566693	0.0
2	84184889	84184890	1			16.07275	0.0	15.706039	0.0	7.5416317	0.0
2	91645789	91645790	1			16.746979	0.0	16.354784	0.0	7.9566693	0.0
2	93014386	93014387	1			16.125252	0.0	15.733239	0.0	5.9566693	0.0
2	93365728	93365729	1			16.332975	0.0	15.857928	0.0	6.9566693	0.0
2	93365751	93365752	1			16.380148	0.0	15.904536	0.0	6.9566693	0.0
2	122665822	122665823	1			15.827233	0.0	15.295951	0.0	7.7640243	0.0
2	124938346	124938347	1			16.034624	0.0	15.541396	0.0	6.5416317	0.0
2	127552852	127552853	1			16.260063	0.0	15.777463	0.0	5.9566693	0.0
2	130638074	130638075	1			16.422722	0.0	15.903539	0.0	5.9566693	0.0
2	130638082	130638083	1			16.421167	0.0	15.893527	0.0	5.9566693	0.0
2	130638090	130638091	1			16.410238	0.0	15.885468	0.0	5.9566693	0.0
2	130638097	130638098	1			16.415714	0.0	15.901542	0.0	5.9566693	0.0
2	131524854	131524855	1			16.403955	0.0	15.993464	0.0	7.7640243	0.0
2	131561342	131561343	1			16.049793	0.0	15.538829	0.0	6.9566693	0.0
2	133553339	133553340	1			15.721312	0.0	15.29747	0.0	6.9566693	0.0
2	133554552	133554553	1			15.838925	0.0	15.361337	0.0	6.9566693	0.0
2	133554559	133554560	1			15.863173	0.0	15.377231	0.0	6.5416317	0.0
2	133554566	133554567	1			15.949827	0.0	15.477149	0.0	6.5416317	0.0
2	133554575	133554576	1			16.016205	0.0	15.533681	0.0	6.5416317	0.0
2	133554672	133554673	1			14.821352	0.0	14.405686	0.0	4.9566693	0.0
2	143546106	143546107	1			14.844735	0.0	14.516823	0.0	6.5416317	0.0
2	143862630	143862631	1			15.88927	0.0	15.510285	0.0	7.7640243	0.0
2	147180836	147180837	1			15.390513	0.0	14.971741	0.0	6.5416317	0.0
2	147180936	147180937	1			15.343684	0.0	14.956433	0.0	5.9566693	0.0
2	152156224	152156225	1			15.850522	0.0	15.318576	0.0	7.9566693	0.0
2	153032202	153032203	1			15.52686	0.0	15.131905	0.0	6.5416317	0.0
2	154221007	154221008	1			16.353498	0.0	15.923356	0.0	7.7640243	0.0
2	158191198	158191199	1			16.471607	0.0	16.037773	0.0	8.4161005	0.0
2	158554597	158554598	1			16.585638	0.0	16.137854	0.0	7.5416317	0.0
2	163551657	163551658	1			16.183268	0.0	15.706039	0.0	6.5416317	0.0
2	164171874	164171875	1			16.13382	0.0	15.565558	0.0	7.2785974	0.0
2	165407774	165407775	1			16.531912	0.0	16.104391	0.0	7.5416317	0.0
2	168842301	168842302	1			15.769758	0.0	15.306554	0.0	7.7640243	0.0
2	172042259	172042260	1			15.667253	0.0	15.173871	0.0	6.9566693	0.0
2	178558221	178558222	1			16.253962	0.0	15.838228	0.0	7.2785974	0.0
2	180273934	180273935	1			16.690668	0.0	16.310322	0.0	7.5416317	0.0
2	180334000	180334001	1			15.910479	0.0	15.43221	0.0	7.9566693	0.0
2	180642035	180642036	1			15.27821	0.0	14.887486	0.0	7.2785974	0.0
3	14393935	14393936	1			16.470104	0.0	16.006529	0.0	7.9566693	0.0
3	17787694	17787695	1			16.622633	0.0	16.266773	0.0	8.278597	0.0
3	23264181	23264182	1			-6.643856	0.0	-6.643856	0.0	7.2785974	0.0
3	29082965	29082966	1			15.609724	0.0	15.155556	0.0	6.5416317	0.0
3	29082967	29082968	1			15.600138	0.0	15.155556	0.0	6.5416317	0.0
3	29082969	29082970	1			15.61789	0.0	15.170558	0.0	6.5416317	0.0
3	29082978	29082979	1			15.59187	0.0	15.188685	0.0	6.5416317	0.0
3	29082984	29082985	1			15.632743	0.0	15.208203	0.0	6.5416317	0.0
3	45380703	45380704	1			16.369709	0.0	15.908519	0.0	7.2785974	0.0
3	50879680	50879681	1			16.411022	0.0	15.9726925	0.0	8.278597	0.0
3	52180554	52180555	1			16.33215	0.0	15.918427	0.0	7.2785974	0.0
3	62338866	62338867	1			15.293585	0.0	14.883445	0.0	7.2785974	0.0
3	62339346	62339347	1			15.872303	0.0	15.416914	0.0	6.9566693	0.0
3	62339361	62339362	1			15.817812	0.0	15.3757925	0.0	7.2785974	0.0
3	62340384	62340385	1			16.367289	0.0	15.934141	0.0	7.7640243	0.0
3	62340390	62340391	1			16.353498	0.0	15.917439	0.0	7.5416317	0.0
3	82876385	82876386	1			15.364864	0.0	14.782897	0.0	4.9566693	0.0
3	84478979	84478980	1			16.337103	0.0	15.840315	0.0	5.9566693	0.0
3	84478982	84478983	1			16.336279	0.0	15.846556	0.0	5.9566693	0.0
3	95172676	95172677	1			15.605623	0.0	15.203348	0.0	6.9566693	0.0
3	95172681	95172682	1			15.613813	0.0	15.217864	0.0	6.9566693	0.0
3	95172730	95172731	1			15.888145	0.0	15.481166	0.0	7.2785974	0.0
3	95172735	95172736	1			15.879114	0.0	15.478489	0.0	7.2785974	0.0
3	95172756	95172757	1			15.859734	0.0	15.469082	0.0	6.9566693	0.0
3	95172904	95172905	1			16.049793	0.0	15.689933	0.0	6.9566693	0.0
3	95172909	95172910	1			16.053812	0.0	15.67715	0.0	6.5416317	0.0
3	95172916	95172917	1			16.05882	0.0	15.673644	0.0	6.9566693	0.0
3	95172930	95172931	1			16.069777	0.0	15.704895	0.0	6.9566693	0.0
3	95172936	95172937	1			16.10603	0.0	15.735483	0.0	6.9566693	0.0
3	95172938	95172939	1			16.096321	0.0	15.737723	0.0	6.9566693	0.0
3	95172946	95172947	1			16.095346	0.0	15.721969	0.0	6.9566693	0.0
3	95173031	95173032	1			16.15268	0.0	15.779639	0.0	7.5416317	0.0
3	95173042	95173043	1			16.156422	0.0	15.777463	0.0	7.5416317	0.0
3	95173045	95173046	1			16.146107	0.0	15.766534	0.0	7.5416317	0.0
3	95173052	95173053	1			16.174067	0.0	15.808699	0.0	7.5416317	0.0
3	95173055	95173056	1			16.166664	0.0	15.783981	0.0	7.5416317	0.0
3	95173076	95173077	1			16.179594	0.0	15.803362	0.0	7.5416317	0.0
3	95173166	95173167	1			16.036655	0.0	15.641701	0.0	6.5416317	0.0
3	95173171	95173172	1			16.03767	0.0	15.632099	0.0	6.5416317	0.0
3	95173181	95173182	1			15.99755	0.0	15.600444	0.0	6.5416317	0.0
3	95173187	95173188	1			15.987081	0.0	15.593039	0.0	6.5416317	0.0
3	95173302	95173303	1			15.9291935	0.0	15.551619	0.0	7.5416317	0.0
3	95173313	95173314	1			15.965911	0.0	15.574359	0.0	7.2785974	0.0
3	95173318	95173319	1			15.950905	0.0	15.538829	0.0	7.2785974	0.0
3	95173328	95173329	1			15.969106	0.0	15.573105	0.0	6.9566693	0.0
3	95173340	95173341	1			15.982871	0.0	15.54907	0.0	6.9566693	0.0
3	95173504	95173505	1			16.00898	0.0	15.465032	0.0	7.7640243	0.0
3	95530366	95530367	1			15.730127	0.0	15.22107	0.0	7.5416317	0.0
3	98991488	98991489	1			16.147987	0.0	15.694553	0.0	7.9566693	0.0
3	100395083	100395084	1			15.898238	0.0	15.433593	0.0	7.9566693	0.0
3	101367450	101367451	1			15.99023	0.0	15.5617695	0.0	7.7640243	0.0
3	124320980	124320981	1			16.238157	0.0	15.810828	0.0	8.126595	0.0
3	124320988	124320989	1			16.225742	0.0	15.809764	0.0	8.126595	0.0
3	124321088	124321089	1			16.355127	0.0	16.000944	0.0	7.7640243	0.0
3	124321111	124321112	1			16.380949	0.0	16.018555	0.0	7.5416317	0.0
3	124321130	124321131	1			16.342041	0.0	15.994401	0.0	7.2785974	0.0
3	124321261	124321262	1			16.323853	0.0	15.934141	0.0	8.126595	0.0
3	124321263	124321264	1			16.325516	0.0	15.939016	0.0	8.126595	0.0
3	127123714	127123715	1			16.174067	0.0	15.777463	0.0	6.9566693	0.0
3	132871461	132871462	1			16.568186	0.0	16.200102	0.0	8.126595	0.0
3	135698636	135698637	1			16.650764	0.0	16.155556	0.0	8.126595	0.0
3	137827749	137827750	1			16.036655	0.0	15.570594	0.0	7.7640243	0.0
3	138644699	138644700	1			15.965911	0.0	15.497122	0.0	7.7640243	0.0
3	148918425	148918426	1			16.4351	0.0	15.960276	0.0	7.2785974	0.0
3	158561353	158561354	1			15.609724	0.0	15.190322	0.0	6.9566693	0.0
3	158561360	158561361	1			15.66594	0.0	15.217864	0.0	6.9566693	0.0
3	158561364	158561365	1			15.66068	0.0	15.238577	0.0	6.9566693	0.0
3	158561373	158561374	1			15.689378	0.0	15.277592	0.0	6.9566693	0.0
3	158561376	158561377	1			15.697106	0.0	15.2760515	0.0	7.2785974	0.0
3	158561378	158561379	1			15.690669	0.0	15.28527	0.0	7.2785974	0.0
3	158561384	158561385	1			15.677707	0.0	15.272965	0.0	7.2785974	0.0
3	158561388	158561389	1			15.667253	0.0	15.258996	0.0	7.2785974	0.0
4	8939035	8939036	1			16.342863	0.0	15.857928	0.0	7.7640243	0.0
4	25799668	25799669	1			15.755024	0.0	15.327528	0.0	6.5416317	0.0
4	25799685	25799686	1			15.736392	0.0	15.295951	0.0	5.9566693	0.0
4	25799805	25799806	1			15.021345	0.0	14.573105	0.0	5.9566693	0.0
4	25799813	25799814	1			14.930286	0.0	14.485171	0.0	5.9566693	0.0
4	32165321	32165322	1			16.303745	0.0	15.892522	0.0	7.7640243	0.0
4	43425437	43425438	1			16.602198	0.0	16.178001	0.0	7.9566693	0.0
4	43632236	43632237	1			16.353498	0.0	16.014866	0.0	7.5416317	0.0
4	43632367	43632368	1			16.500603	0.0	16.10959	0.0	7.2785974	0.0
4	43632400	43632401	1			16.491743	0.0	16.088682	0.0	7.2785974	0.0
4	45846901	45846902	1			16.454988	0.0	16.029568	0.0	5.9566693	0.0
4	46343917	46343918	1			15.712441	0.0	15.292908	0.0	7.2785974	0.0
4	46344139	46344140	1			15.015176	0.0	14.605359	0.0	5.9566693	0.0
4	46344273	46344274	1			15.390513	0.0	14.998144	0.0	6.9566693	0.0
4	46344276	46344277	1			15.403169	0.0	15.027739	0.0	6.9566693	0.0
4	53264088	53264089	1			16.21322	0.0	15.727615	0.0	7.9566693	0.0
4	58206296	58206297	1			15.914904	0.0	15.503719	0.0	7.2785974	0.0
4	62625798	62625799	1			16.583555	0.0	16.126785	0.0	5.9566693	0.0
4	63256946	63256947	1			16.351868	0.0	15.92434	0.0	8.126595	0.0
4	74013920	74013921	1			15.931379	0.0	15.450081	0.0	8.126595	0.0
4	76449539	76449540	1			15.958427	0.0	15.477149	0.0	6.9566693	0.0
4	76449545	76449546	1			15.971232	0.0	15.499764	0.0	6.9566693	0.0
4	76449811	76449812	1			15.833091	0.0	15.479828	0.0	7.7640243	0.0
4	76449815	76449816	1			15.83426	0.0	15.456896	0.0	7.7640243	0.0
4	76449820	76449821	1			15.849367	0.0	15.471776	0.0	7.7640243	0.0
4	76449927	76449928	1			15.470855	0.0	15.113046	0.0	6.5416317	0.0
4	76449945	76449946	1			15.414151	0.0	15.027739	0.0	6.5416317	0.0
4	76449947	76449948	1			15.415713	0.0	15.027739	0.0	6.5416317	0.0
4	76449949	76449950	1			15.423499	0.0	15.044123	0.0	6.5416317	0.0
4	76449951	76449952	1			15.412587	0.0	15.035044	0.0	6.5416317	0.0
4	76449960	76449961	1			15.396854	0.0	15.014866	0.0	6.5416317	0.0
4	76450474	76450475	1			16.025444	0.0	15.576863	0.0	4.9566693	0.0
4	78212176	78212177	1			15.440481	0.0	15.069245	0.0	6.9566693	0.0
4	78212190	78212191	1			15.458782	0.0	15.0869255	0.0	6.9566693	0.0
4	78212204	78212205	1			15.482827	0.0	15.119932	0.0	6.9566693	0.0
4	81442919	81442920	1			15.558318	0.0	15.131905	0.0	5.9566693	0.0
4	81442935	81442936	1			15.66068	0.0	15.187046	0.0	5.9566693	0.0
4	81442938	81442939	1			15.6790085	0.0	15.204968	0.0	5.9566693	0.0
4	83285066	83285067	1			16.21681	0.0	15.701456	0.0	7.5416317	0.0
4	83512415	83512416	1			16.225742	0.0	15.743309	0.0	8.126595	0.0
4	83512420	83512421	1			16.231075	0.0	15.742193	0.0	7.9566693	0.0
4	83512457	83512458	1			16.201494	0.0	15.712888	0.0	7.2785974	0.0
4	91400608	91400609	1			15.409454	0.0	14.923356	0.0	4.9566693	0.0
4	99653663	99653664	1			16.144222	0.0	15.673644	0.0	8.278597	0.0
4	99656957	99656958	1			15.813078	0.0	15.444606	0.0	7.2785974	0.0
4	99656966	99656967	1			15.847053	0.0	15.481166	0.0	7.2785974	0.0
4	99657098	99657099	1			16.125252	0.0	15.715163	0.0	6.5416317	0.0
4	99657114	99657115	1			16.135717	0.0	15.721969	0.0	6.5416317	0.0
4	99657129	99657130	1			16.002756	0.0	15.5781145	0.0	6.5416317	0.0
4	105175579	105175580	1			16.407887	0.0	15.976491	0.0	6.9566693	0.0
4	105175583	105175584	1			16.418053	0.0	15.978387	0.0	6.5416317	0.0
4	105175587	105175588	1			16.331322	0.0	15.907524	0.0	6.9566693	0.0
4	109974787	109974788	1			16.231962	0.0	15.8671665	0.0	7.5416317	0.0
4	114912872	114912873	1			16.169443	0.0	15.668956	0.0	7.5416317	0.0
4	114912894	114912895	1			16.159222	0.0	15.633303	0.0	7.5416317	0.0
4	114912901	114912902	1			16.151743	0.0	15.61514	0.0	7.2785974	0.0
4	117749676	117749677	1			15.519614	0.0	15.074572	0.0	6.5416317	0.0
4	120304702	120304703	1			16.071758	0.0	15.658352	0.0	7.2785974	0.0
4	120369702	120369703	1			16.21681	0.0	15.776374	0.0	5.9566693	0.0
4	123105030	123105031	1			15.720048	0.0	15.195221	0.0	7.2785974	0.0
4	123105166	123105167	1			16.171295	0.0	15.712888	0.0	6.5416317	0.0
4	123105343	123105344	1			16.089485	0.0	15.651239	0.0	5.9566693	0.0
4	123105398	123105399	1			16.090464	0.0	15.667782	0.0	4.9566693	0.0
4	123105407	123105408	1			16.110859	0.0	15.681811	0.0	6.5416317	0.0
4	123105410	123105411	1			16.10506	0.0	15.680647	0.0	6.5416317	0.0
4	123105471	123105472	1			16.05982	0.0	15.613921	0.0	5.9566693	0.0
4	123105473	123105474	1			16.044754	0.0	15.610258	0.0	5.9566693	0.0
4	123105492	123105493	1			16.032589	0.0	15.589322	0.0	5.9566693	0.0
4	124594956	124594957	1			15.364864	0.0	14.834047	0.0	6.9566693	0.0
4	127419212	127419213	1			15.945507	0.0	15.503719	0.0	6.9566693	0.0
4	127971649	127971650	1			15.648773	0.0	15.1689	0.0	7.5416317	0.0
4	129020517	129020518	1			16.457266	0.0	16.093061	0.0	7.5416317	0.0
4	130037399	130037400	1			16.411804	0.0	16.013018	0.0	8.126595	0.0
4	131916023	131916024	1			15.659362	0.0	15.147154	0.0	6.9566693	0.0
4	131916035	131916036	1			15.804756	0.0	15.291383	0.0	7.2785974	0.0
4	131916207	131916208	1			16.675753	0.0	16.213041	0.0	7.9566693	0.0
4	132181860	132181861	1			16.095346	0.0	15.671302	0.0	6.9566693	0.0
4	133579872	133579873	1			16.12334	0.0	15.622433	0.0	6.5416317	0.0
4	134402500	134402501	1			16.223068	0.0	15.806566	0.0	7.7640243	0.0
4	134402541	134402542	1			16.239038	0.0	15.803362	0.0	7.2785974	0.0
4	134407525	134407526	1			16.773418	0.0	16.385826	0.0	8.4161005	0.0
4	135155356	135155357	1			15.708623	0.0	15.185406	0.0	6.5416317	0.0
4	136234385	136234386	1			16.39448	0.0	15.875329	0.0	7.7640243	0.0
4	137189526	137189527	1			16.21681	0.0	15.726487	0.0	6.9566693	0.0
4	138453300	138453301	1			15.584945	0.0	15.029569	0.0	6.9566693	0.0
4	140658270	140658271	1			16.288479	0.0	15.880406	0.0	7.7640243	0.0
4	140661773	140661774	1			16.013113	0.0	15.585596	0.0	7.9566693	0.0
4	140661777	140661778	1			16.006908	0.0	15.5781145	0.0	7.9566693	0.0
4	140661781	140661782	1			16.013113	0.0	15.575612	0.0	7.9566693	0.0
4	140661785	140661786	1			16.006908	0.0	15.568078	0.0	7.9566693	0.0
4	140661789	140661790	1			16.010014	0.0	15.5617695	0.0	7.9566693	0.0
4	140661793	140661794	1			16.00587	0.0	15.57185	0.0	7.5416317	0.0
4	140661950	140661951	1			16.211422	0.0	15.7522	0.0	7.9566693	0.0
4	140750337	140750338	1			16.252214	0.0	15.886477	0.0	7.2785974	0.0
4	140750464	140750465	1			16.247837	0.0	15.886477	0.0	6.9566693	0.0
4	140750480	140750481	1			16.26527	0.0	15.892522	0.0	6.9566693	0.0
4	140750534	140750535	1			16.036655	0.0	15.66543	0.0	6.5416317	0.0
4	140750545	140750546	1			16.071758	0.0	15.736604	0.0	7.2785974	0.0
4	140750679	140750680	1			16.135717	0.0	15.758834	0.0	5.9566693	0.0
4	140750714	140750715	1			16.088507	0.0	15.709468	0.0	6.9566693	0.0
4	142095587	142095588	1			16.101183	0.0	15.652428	0.0	8.126595	0.0
4	146067279	146067280	1			16.546246	0.0	16.048641	0.0	7.5416317	0.0
4	146067697	146067698	1			16.426601	0.0	15.941934	0.0	7.9566693	0.0
4	146067706	146067707	1			16.462566	0.0	15.9641075	0.0	7.9566693	0.0
4	146067783	146067784	1			16.52469	0.0	16.029568	0.0	8.126595	0.0
4	146067790	146067791	1			16.472357	0.0	15.98971	0.0	7.9566693	0.0
4	146475324	146475325	1			16.677055	0.0	16.106127	0.0	6.9566693	0.0
4	147275538	147275539	1			17.122385	0.0	16.588701	0.0	8.541632	0.0
4	147275542	147275543	1			17.111341	0.0	16.568707	0.0	8.541632	0.0
4	147276021	147276022	1			16.656721	0.0	16.1689	0.0	6.5416317	0.0
4	147276023	147276024	1			16.651428	0.0	16.158068	0.0	6.5416317	0.0
4	147738779	147738780	1			16.443548	0.0	15.976491	0.0	7.7640243	0.0
4	148070112	148070113	1			16.339575	0.0	15.915462	0.0	7.7640243	0.0
4	148952382	148952383	1			15.928099	0.0	15.536258	0.0	6.9566693	0.0
4	148952391	148952392	1			15.944426	0.0	15.556704	0.0	6.9566693	0.0
4	148952689	148952690	1			15.663312	0.0	15.323059	0.0	6.5416317	0.0
4	148952695	148952696	1			15.631399	0.0	15.280668	0.0	5.9566693	0.0
4	148952705	148952706	1			15.623309	0.0	15.292908	0.0	6.5416317	0.0
4	152375020	152375021	1			15.642116	0.0	15.217864	0.0	6.5416317	0.0
4	152375120	152375121	1			16.112787	0.0	15.646478	0.0	8.278597	0.0
4	154641327	154641328	1			16.32052	0.0	15.820372	0.0	6.9566693	0.0
4	155345572	155345573	1			16.051804	0.0	15.547793	0.0	7.5416317	0.0
4	156234042	156234043	1			16.598076	0.0	16.180473	0.0	7.5416317	0.0
4	156234058	156234059	1			16.649437	0.0	16.250393	0.0	7.2785974	0.0
4	156234071	156234072	1			16.618568	0.0	16.217865	0.0	7.5416317	0.0
5	3193814	3193815	1			16.353498	0.0	15.880406	0.0	8.657109	0.0
5	14025270	14025271	1			15.648773	0.0	15.138702	0.0	4.9566693	0.0
5	15935471	15935472	1			15.948749	0.0	15.514212	0.0	5.9566693	0.0
5	21373040	21373041	1			16.376944	0.0	15.921387	0.0	7.7640243	0.0
5	24383330	24383331	1			16.496918	0.0	16.096558	0.0	7.7640243	0.0
5	27261779	27261780	1			16.144222	0.0	15.725359	0.0	7.7640243	0.0
5	34322813	34322814	1			16.67249	0.0	16.178825	0.0	7.7640243	0.0
5	36252140	36252141	1			16.328007	0.0	15.751092	0.0	7.5416317	0.0
5	37890722	37890723	1			16.173143	0.0	15.747762	0.0	7.2785974	0.0
5	50034059	50034060	1			16.458025	0.0	16.093937	0.0	8.278597	0.0
5	64045677	64045678	1			15.055818	0.0	14.622433	0.0	-6.643856	0.0
5	69340452	69340453	1			16.367289	0.0	15.920401	0.0	7.2785974	0.0
5	69341468	69341469	1			15.877981	0.0	15.50635	0.0	7.2785974	0.0
5	69341606	69341607	1			15.103124	0.0	14.583106	0.0	6.5416317	0.0
5	71095917	71095918	1			15.396854	0.0	14.969836	0.0	4.9566693	0.0
5	72219795	72219796	1			16.577986	0.0	16.116493	0.0	8.4161005	0.0
5	73538999	73539000	1			16.328836	0.0	15.866142	0.0	5.9566693	0.0
5	73649677	73649678	1			-6.643856	0.0	-6.643856	0.0	4.9566693	0.0
5	75922099	75922100	1			16.19514	0.0	15.72423	0.0	6.9566693	0.0
5	77532700	77532701	1			16.176832	0.0	15.743309	0.0	6.5416317	0.0
5	81020087	81020088	1			13.264404	0.0	12.565558	0.0	-6.643856	0.0
5	81021813	81021814	1			15.94009	0.0	15.524628	0.0	7.2785974	0.0
5	81022128	81022129	1			16.27046	0.0	15.894531	0.0	7.7640243	0.0
5	84416486	84416487	1			15.850522	0.0	15.377231	0.0	6.5416317	0.0
5	86793012	86793013	1			16.323853	0.0	15.889503	0.0	8.657109	0.0
5	89882480	89882481	1			15.2024	0.0	14.7893915	0.0	7.5416317	0.0
5	89882485	89882486	1			15.216809	0.0	14.793704	0.0	7.5416317	0.0
5	89882568	89882569	1			15.1638775	0.0	14.725359	0.0	6.9566693	0.0
5	92928120	92928121	1			16.306274	0.0	15.837184	0.0	8.4161005	0.0
5	97935757	97935758	1			16.198776	0.0	15.769821	0.0	7.7640243	0.0
5	101765662	101765663	1			15.66068	0.0	15.262113	0.0	4.9566693	0.0
5	101765668	101765669	1			15.668563	0.0	15.277592	0.0	4.9566693	0.0
5	101765744	101765745	1			16.013113	0.0	15.622433	0.0	5.9566693	0.0
5	101765788	101765789	1			15.627359	0.0	15.241737	0.0	6.5416317	0.0
5	101826817	101826818	1			16.044754	0.0	15.463678	0.0	6.9566693	0.0
5	105792837	105792838	1			16.650764	0.0	16.266773	0.0	7.7640243	0.0
5	111229233	111229234	1			16.43433	0.0	15.969836	0.0	8.278597	0.0
5	111418846	111418847	1			16.362436	0.0	15.830903	0.0	6.9566693	0.0
5	111419226	111419227	1			16.13287	0.0	15.733239	0.0	6.5416317	0.0
5	111419262	111419263	1			16.363247	0.0	15.952581	0.0	7.5416317	0.0
5	111419268	111419269	1			16.389719	0.0	15.98971	0.0	7.2785974	0.0
5	111419353	111419354	1			16.588411	0.0	16.219467	0.0	8.278597	0.0
5	111419369	111419370	1			16.588411	0.0	16.218666	0.0	8.278597	0.0
5	111419488	111419489	1			16.553358	0.0	16.101786	0.0	8.278597	0.0
5	111419502	111419503	1			16.554068	0.0	16.099174	0.0	8.126595	0.0
5	111419504	111419505	1			16.545532	0.0	16.085167	0.0	8.126595	0.0
5	111419939	111419940	1			16.485062	0.0	16.087803	0.0	7.2785974	0.0
5	111419941	111419942	1			16.479843	0.0	16.093937	0.0	7.2785974	0.0
5	111419953	111419954	1			16.441248	0.0	16.07988	0.0	7.2785974	0.0
5	111420067	111420068	1			16.42815	0.0	16.06479	0.0	7.7640243	0.0
5	111420070	111420071	1			16.458025	0.0	16.08956	0.0	7.7640243	0.0
5	111420072	111420073	1			16.475357	0.0	16.105259	0.0	7.9566693	0.0
5	111420081	111420082	1			16.470856	0.0	16.091312	0.0	7.9566693	0.0
5	111420096	111420097	1			16.451946	0.0	16.07191	0.0	7.7640243	0.0
5	111420100	111420101	1			16.46634	0.0	16.098303	0.0	7.7640243	0.0
5	111420202	111420203	1			16.46181	0.0	16.075459	0.0	8.278597	0.0
5	111420213	111420214	1			16.432014	0.0	16.040497	0.0	8.278597	0.0
5	111420217	111420218	1			16.421167	0.0	16.017633	0.0	8.278597	0.0
5	112979308	112979309	1			16.293585	0.0	15.85277	0.0	6.5416317	0.0
5	114127491	114127492	1			16.4071	0.0	15.947751	0.0	7.9566693	0.0
5	115208111	115208112	1			14.611089	0.0	13.929249	0.0	5.9566693	0.0
5	115533582	115533583	1			16.688732	0.0	16.187046	0.0	7.7640243	0.0
5	116591634	116591635	1			14.503544	0.0	14.009314	0.0	5.9566693	0.0
5	117308078	117308079	1			15.945507	0.0	15.490495	0.0	7.7640243	0.0
5	117593516	117593517	1			16.111822	0.0	15.664253	0.0	6.9566693	0.0
5	120462994	120462995	1			15.083601	0.0	14.639306	0.0	6.9566693	0.0
5	120463254	120463255	1			15.770979	0.0	15.246465	0.0	7.5416317	0.0
5	120579817	120579818	1			16.894882	0.0	16.483837	0.0	8.541632	0.0
5	122950716	122950717	1			15.84821	0.0	15.491823	0.0	6.5416317	0.0
5	125403866	125403867	1			16.55761	0.0	16.072798	0.0	6.5416317	0.0
5	125918109	125918110	1			16.198776	0.0	15.738842	0.0	7.5416317	0.0
5	128601886	128601887	1			16.302057	0.0	15.826699	0.0	7.7640243	0.0
5	129155543	129155544	1			15.446608	0.0	14.958356	0.0	5.9566693	0.0
5	131307390	131307391	1			14.706072	0.0	14.272965	0.0	-6.643856	0.0
5	131307485	131307486	1			15.796386	0.0	15.416914	0.0	5.9566693	0.0
5	131307529	131307530	1			15.998592	0.0	15.644092	0.0	6.5416317	0.0
5	131307602	131307603	1			16.084583	0.0	15.736604	0.0	7.2785974	0.0
5	131537080	131537081	1			15.847053	0.0	15.378667	0.0	7.7640243	0.0
5	131537549	131537550	1			14.890394	0.0	14.479828	0.0	6.5416317	0.0
5	131538133	131538134	1			15.243444	0.0	14.815078	0.0	7.7640243	0.0
5	131538140	131538141	1			15.22396	0.0	14.802292	0.0	7.7640243	0.0
5	131538153	131538154	1			15.1969595	0.0	14.763239	0.0	7.7640243	0.0
5	131538167	131538168	1			15.05782	0.0	14.605359	0.0	7.7640243	0.0
5	135022223	135022224	1			16.340397	0.0	15.816138	0.0	7.7640243	0.0
5	135022237	135022238	1			16.373734	0.0	15.830903	0.0	7.5416317	0.0
5	135022262	135022263	1			16.272186	0.0	15.72423	0.0	6.9566693	0.0
5	135022268	135022269	1			16.226633	0.0	15.67715	0.0	6.9566693	0.0
5	137091163	137091164	1			16.640112	0.0	16.186226	0.0	7.5416317	0.0
5	137310258	137310259	1			16.074728	0.0	15.632099	0.0	7.5416317	0.0
5	142963620	142963621	1			15.700955	0.0	15.236994	0.0	7.7640243	0.0
5	143253193	143253194	1			16.088507	0.0	15.659534	0.0	6.9566693	0.0
5	146461780	146461781	1			16.089485	0.0	15.64767	0.0	7.7640243	0.0
5	148809376	148809377	1			16.280785	0.0	15.810828	0.0	6.9566693	0.0
5	150599707	150599708	1			16.198776	0.0	15.838228	0.0	6.5416317	0.0
6	6299369	6299370	1			16.42505	0.0	15.976491	0.0	7.9566693	0.0
6	8957108	8957109	1			16.093395	0.0	15.715163	0.0	7.2785974	0.0
6	23247720	23247721	1			15.871165	0.0	15.400041	0.0	7.2785974	0.0
6	25690151	25690152	1			15.798781	0.0	15.2760515	0.0	6.9566693	0.0
6	25690201	25690202	1			15.903814	0.0	15.378667	0.0	7.7640243	0.0
6	28114365	28114366	1			16.568888	0.0	16.137007	0.0	8.278597	0.0
6	29496474	29496475	1			16.04071	0.0	15.636908	0.0	6.5416317	0.0
6	31208190	31208191	1			16.312157	0.0	15.856898	0.0	8.657109	0.0
6	31613185	31613186	1			16.403168	0.0	16.007458	0.0	7.7640243	0.0
6	51012356	51012357	1			16.184185	0.0	15.687616	0.0	6.9566693	0.0
6	57929686	57929687	1			15.984978	0.0	15.536258	0.0	7.9566693	0.0
6	63257364	63257365	1			15.723836	0.0	15.28833	0.0	6.9566693	0.0
6	63257475	63257476	1			15.6751	0.0	15.252744	0.0	6.9566693	0.0
6	63257484	63257485	1			15.691958	0.0	15.27142	0.0	6.9566693	0.0
6	63257495	63257496	1			15.555487	0.0	15.15723	0.0	6.5416317	0.0
6	72676083	72676084	1			16.376143	0.0	16.012093	0.0	7.5416317	0.0
6	82091890	82091891	1			16.22396	0.0	15.780726	0.0	7.9566693	0.0
6	83135560	83135561	1			16.600138	0.0	16.128494	0.0	8.126595	0.0
6	83161434	83161435	1			16.76118	0.0	16.29519	0.0	7.9566693	0.0
6	83161570	83161571	1			16.560438	0.0	16.13955	0.0	7.9566693	0.0
6	83161660	83161661	1			16.529749	0.0	16.059427	0.0	8.541632	0.0
6	83161669	83161670	1			16.496918	0.0	16.017633	0.0	8.541632	0.0
6	83161684	83161685	1			16.344503	0.0	15.872273	0.0	8.4161005	0.0
6	83161925	83161926	1			16.452707	0.0	16.037773	0.0	8.126595	0.0
6	83161927	83161928	1			16.462566	0.0	16.04231	0.0	8.126595	0.0
6	83702581	83702582	1			15.787966	0.0	15.317079	0.0	7.5416317	0.0
6	84266818	84266819	1			16.194231	0.0	15.72423	0.0	7.5416317	0.0
6	86505758	86505759	1			16.476105	0.0	16.044123	0.0	7.5416317	0.0
6	88019697	88019698	1			15.852831	0.0	15.395791	0.0	4.9566693	0.0
6	88194839	88194840	1			16.248713	0.0	15.869211	0.0	6.5416317	0.0
6	88197447	88197448	1			15.962708	0.0	15.490495	0.0	7.7640243	0.0
6	88200056	88200057	1			16.03055	0.0	15.554163	0.0	6.5416317	0.0
6	88200141	88200142	1			16.023396	0.0	15.599213	0.0	6.5416317	0.0
6	88242707	88242708	1			15.966976	0.0	15.43911	0.0	7.7640243	0.0
6	90550208	90550209	1			16.706072	0.0	16.232235	0.0	7.5416317	0.0
6	90550611	90550612	1			16.257452	0.0	15.851736	0.0	8.657109	0.0
6	90550751	90550752	1			15.918214	0.0	15.528515	0.0	7.7640243	0.0
6	94281701	94281702	1			16.355127	0.0	15.878378	0.0	7.2785974	0.0
6	94283879	94283880	1			15.283354	0.0	14.798004	0.0	4.9566693	0.0
6	94283886	94283887	1			15.266137	0.0	14.782897	0.0	4.9566693	0.0
6	94283896	94283897	1			15.220389	0.0	14.7163	0.0	-6.643856	0.0
6	105677846	105677847	1			15.924811	0.0	15.425278	0.0	7.2785974	0.0
6	110645864	110645865	1			15.348599	0.0	14.931208	0.0	7.2785974	0.0
6	110645892	110645893	1			15.642116	0.0	15.230645	0.0	7.7640243	0.0
6	110645953	110645954	1			15.403169	0.0	14.969836	0.0	7.5416317	0.0
6	110645962	110645963	1			15.364864	0.0	14.956433	0.0	7.5416317	0.0
6	110645964	110645965	1			15.353498	0.0	14.944845	0.0	7.2785974	0.0
6	110645966	110645967	1			15.338752	0.0	14.913482	0.0	7.2785974	0.0
6	114738433	114738434	1			15.922616	0.0	15.489166	0.0	7.2785974	0.0
6	114738601	114738602	1			15.977592	0.0	15.580612	0.0	6.5416317	0.0
6	122609506	122609507	1			15.703516	0.0	15.260555	0.0	6.9566693	0.0
6	122609508	122609509	1			15.714981	0.0	15.282204	0.0	6.9566693	0.0
6	122609523	122609524	1			15.770979	0.0	15.331983	0.0	6.5416317	0.0
6	122609544	122609545	1			15.773417	0.0	15.303533	0.0	7.2785974	0.0
6	125410705	125410706	1			16.606308	0.0	16.209011	0.0	7.9566693	0.0
6	129451759	129451760	1			16.48059	0.0	16.063005	0.0	8.278597	0.0
6	134388730	134388731	1			15.274771	0.0	14.88142	0.0	6.9566693	0.0
6	134388746	134388747	1			15.396854	0.0	14.992527	0.0	6.9566693	0.0
6	142702087	142702088	1			16.329664	0.0	15.863068	0.0	7.2785974	0.0
6	145710152	145710153	1			16.096321	0.0	15.633303	0.0	7.2785974	0.0
7	4845027	4845028	1			15.600138	0.0	15.145468	0.0	6.5416317	0.0
7	4845044	4845045	1			15.723836	0.0	15.298988	0.0	6.9566693	0.0
7	4845117	4845118	1			16.026466	0.0	15.559238	0.0	6.9566693	0.0
7	4845135	4845136	1			15.955208	0.0	15.459613	0.0	6.9566693	0.0
7	16912563	16912564	1			16.669218	0.0	16.173872	0.0	8.126595	0.0
7	19021066	19021067	1			16.13192	0.0	15.699159	0.0	7.5416317	0.0
7	19118261	19118262	1			16.253088	0.0	15.841357	0.0	7.5416317	0.0
7	19118266	19118267	1			16.252214	0.0	15.840315	0.0	7.2785974	0.0
7	19118268	19118269	1			16.253962	0.0	15.842399	0.0	7.2785974	0.0
7	19118270	19118271	1			16.242565	0.0	15.826699	0.0	7.2785974	0.0
7	19118279	19118280	1			16.210524	0.0	15.782897	0.0	7.2785974	0.0
7	19118443	19118444	1			16.19696	0.0	15.749983	0.0	6.9566693	0.0
7	19118464	19118465	1			16.162018	0.0	15.70375	0.0	7.2785974	0.0
7	19118474	19118475	1			16.103123	0.0	15.664253	0.0	7.5416317	0.0
7	19118476	19118477	1			16.121428	0.0	15.672473	0.0	7.5416317	0.0
7	19734468	19734469	1			16.653416	0.0	16.208202	0.0	7.7640243	0.0
7	19852224	19852225	1			16.211422	0.0	15.769821	0.0	6.5416317	0.0
7	27488117	27488118	1			15.718782	0.0	15.251177	0.0	7.2785974	0.0
7	27657781	27657782	1			16.475357	0.0	16.0056	0.0	5.9566693	0.0
7	27657807	27657808	1			16.560438	0.0	16.092188	0.0	5.9566693	0.0
7	27657930	27657931	1			16.333803	0.0	15.882433	0.0	7.7640243	0.0
7	27657945	27657946	1			16.293585	0.0	15.847593	0.0	7.5416317	0.0
7	27657955	27657956	1			16.228413	0.0	15.791549	0.0	7.2785974	0.0
7	27658182	27658183	1			16.15268	0.0	15.772009	0.0	8.126595	0.0
7	28732600	28732601	1			16.088507	0.0	15.642897	0.0	7.7640243	0.0
7	28732605	28732606	1			16.111822	0.0	15.660715	0.0	7.7640243	0.0
7	28732607	28732608	1			16.116634	0.0	15.664253	0.0	7.7640243	0.0
7	28732649	28732650	1			16.159222	0.0	15.693399	0.0	8.126595	0.0
7	28732842	28732843	1			15.876847	0.0	15.462324	0.0	7.5416317	0.0
7	34647299	34647300	1			16.492483	0.0	16.07191	0.0	6.9566693	0.0
7	37624398	37624399	1			15.685498	0.0	15.15723	0.0	-6.643856	0.0
7	37624410	37624411	1			15.66068	0.0	15.15723	0.0	-6.643856	0.0
7	37624416	37624417	1			15.638106	0.0	15.1302	0.0	-6.643856	0.0
7	44697206	44697207	1			16.128115	0.0	15.741077	0.0	7.7640243	0.0
7	44697209	44697210	1			16.129066	0.0	15.749983	0.0	7.7640243	0.0
7	44697236	44697237	1			16.291035	0.0	15.899542	0.0	7.7640243	0.0
7	44697263	44697264	1			16.165735	0.0	15.777463	0.0	7.7640243	0.0
7	45405500	45405501	1			16.295284	0.0	15.85277	0.0	7.7640243	0.0
7	49348555	49348556	1			16.516706	0.0	16.054943	0.0	7.7640243	0.0
7	51511339	51511340	1			15.656722	0.0	15.208203	0.0	6.9566693	0.0
7	58836954	58836955	1			16.609724	0.0	16.22746	0.0	6.9566693	0.0
7	58836972	58836973	1			16.674448	0.0	16.286036	0.0	6.9566693	0.0
7	58836988	58836989	1			16.754406	0.0	16.366413	0.0	7.2785974	0.0
7	58836996	58836997	1			16.74946	0.0	16.366413	0.0	7.7640243	0.0
7	58837119	58837120	1			16.507212	0.0	16.105259	0.0	6.9566693	0.0
7	70361446	70361447	1			15.165735	0.0	14.7163	0.0	4.9566693	0.0
7	70361584	70361585	1			15.500603	0.0	14.946783	0.0	7.2785974	0.0
7	70361619	70361620	1			15.295283	0.0	14.769821	0.0	6.9566693	0.0
7	70362076	70362077	1			15.909369	0.0	15.469082	0.0	7.2785974	0.0
7	80081360	80081361	1			16.449661	0.0	16.022236	0.0	6.5416317	0.0
7	80845973	80845974	1			16.083601	0.0	15.560505	0.0	6.5416317	0.0
7	81453980	81453981	1			15.105062	0.0	14.624855	0.0	6.9566693	0.0
7	81858544	81858545	1			16.279926	0.0	15.819315	0.0	8.541632	0.0
7	97549477	97549478	1			16.358381	0.0	15.913482	0.0	7.7640243	0.0
7	99510167	99510168	1			16.079664	0.0	15.66543	0.0	7.5416317	0.0
7	99535752	99535753	1			15.992325	0.0	15.66543	0.0	7.2785974	0.0
7	99535877	99535878	1			16.341219	0.0	15.993464	0.0	8.126595	0.0
7	99539905	99539906	1			15.523967	0.0	15.102654	0.0	6.5416317	0.0
7	99594858	99594859	1			16.146107	0.0	15.755521	0.0	7.2785974	0.0
7	102106941	102106942	1			15.8745775	0.0	15.422495	0.0	7.7640243	0.0
7	115379727	115379728	1			16.240803	0.0	15.792627	0.0	7.9566693	0.0
7	115379735	115379736	1			16.284208	0.0	15.821428	0.0	7.9566693	0.0
7	115379765	115379766	1			16.291035	0.0	15.826699	0.0	7.5416317	0.0
7	118596475	118596476	1			16.49913	0.0	16.034132	0.0	8.278597	0.0
7	118596492	118596493	1			16.604939	0.0	16.129347	0.0	8.278597	0.0
7	118596514	118596515	1			16.563965	0.0	16.092188	0.0	7.9566693	0.0
7	126799960	126799961	1			16.42815	0.0	15.991589	0.0	7.7640243	0.0
7	127136110	127136111	1			16.049793	0.0	15.563034	0.0	8.126595	0.0
7	128182014	128182015	1			15.5709915	0.0	15.058532	0.0	7.2785974	0.0
7	133124588	133124589	1			16.179594	0.0	15.762138	0.0	7.2785974	0.0
7	133124620	133124621	1			16.306274	0.0	15.886477	0.0	7.7640243	0.0
7	133124626	133124627	1			16.287626	0.0	15.878378	0.0	7.7640243	0.0
7	133124788	133124789	1			16.245203	0.0	15.879393	0.0	7.2785974	0.0
7	134225008	134225009	1			15.790377	0.0	15.361337	0.0	4.9566693	0.0
7	134225018	134225019	1			15.860881	0.0	15.437733	0.0	4.9566693	0.0
7	134225114	134225115	1			15.899355	0.0	15.495799	0.0	6.5416317	0.0
7	134225139	134225140	1			15.927004	0.0	15.516823	0.0	6.9566693	0.0
7	137317372	137317373	1			16.534071	0.0	16.14378	0.0	8.541632	0.0
7	138397946	138397947	1			16.128115	0.0	15.730992	0.0	7.7640243	0.0
7	138398058	138398059	1			16.23639	0.0	15.868189	0.0	7.7640243	0.0
7	140915648	140915649	1			16.482828	0.0	15.98971	0.0	8.86356	0.0
7	142664387	142664388	1			15.2487135	0.0	14.565558	0.0	6.5416317	0.0
7	143475921	143475922	1			16.535507	0.0	16.121649	0.0	8.278597	0.0
7	143475960	143475961	1			16.559025	0.0	16.155556	0.0	8.126595	0.0
7	143476101	143476102	1			16.355942	0.0	15.951616	0.0	7.7640243	0.0
8	4205994	4205995	1			16.267002	0.0	15.905533	0.0	7.5416317	0.0
8	8969102	8969103	1			16.076704	0.0	15.612701	0.0	6.5416317	0.0
8	8969121	8969122	1			16.142338	0.0	15.675982	0.0	6.9566693	0.0
8	8969126	8969127	1			16.14045	0.0	15.668956	0.0	6.9566693	0.0
8	8969146	8969147	1			16.084583	0.0	15.605359	0.0	7.2785974	0.0
8	11356829	11356830	1			16.630054	0.0	16.113047	0.0	7.5416317	0.0
8	12390001	12390002	1			15.910479	0.0	15.440486	0.0	6.5416317	0.0
8	17534993	17534994	1			15.770979	0.0	15.423887	0.0	7.5416317	0.0
8	17535333	17535334	1			14.027489	0.0	13.585596	0.0	-6.643856	0.0
8	17535349	17535350	1			14.0233965	0.0	13.519429	0.0	-6.643856	0.0
8	17535540	17535541	1			15.442016	0.0	14.983115	0.0	6.5416317	0.0
8	17535542	17535543	1			15.457266	0.0	14.994401	0.0	6.5416317	0.0
8	22811284	22811285	1			16.065802	0.0	15.617575	0.0	4.9566693	0.0
8	23043941	23043942	1			16.126207	0.0	15.712888	0.0	7.7640243	0.0
8	25027830	25027831	1			16.595322	0.0	16.263668	0.0	6.5416317	0.0
8	25027972	25027973	1			16.71625	0.0	16.341589	0.0	7.7640243	0.0
8	25027992	25027993	1			16.616533	0.0	16.237785	0.0	7.7640243	0.0
8	25098297	25098298	1			16.386536	0.0	15.970789	0.0	7.9566693	0.0
8	34810101	34810102	1			16.808329	0.0	16.45213	0.0	8.541632	0.0
8	34810240	34810241	1			16.8932	0.0	16.497122	0.0	8.4161005	0.0
8	35588987	35588988	1			16.237274	0.0	15.806566	0.0	7.5416317	0.0
8	35589003	35589004	1			16.245203	0.0	15.798004	0.0	7.2785974	0.0
8	47352471	47352472	1			16.02442	0.0	15.52073	0.0	7.2785974	0.0
8	48555035	48555036	1			15.961639	0.0	15.5967455	0.0	5.9566693	0.0
8	48555054	48555055	1			16.062813	0.0	15.707183	0.0	6.5416317	0.0
8	48555065	48555066	1			16.042734	0.0	15.675982	0.0	7.2785974	0.0
8	48555165	48555166	1			16.181433	0.0	15.8350935	0.0	7.2785974	0.0
8	48555171	48555172	1			16.119513	0.0	15.781813	0.0	7.2785974	0.0
8	48555184	48555185	1			16.083601	0.0	15.727615	0.0	7.2785974	0.0
8	48555346	48555347	1			15.690669	0.0	15.327528	0.0	7.5416317	0.0
8	48843046	48843047	1			15.271323	0.0	14.840315	0.0	4.9566693	0.0
8	61283939	61283940	1			16.376143	0.0	15.904536	0.0	7.5416317	0.0
8	69881409	69881410	1			16.42039	0.0	15.998144	0.0	6.9566693	0.0
8	69881519	69881520	1			16.669218	0.0	16.277592	0.0	7.9566693	0.0
8	69881530	69881531	1			16.599451	0.0	16.188684	0.0	7.5416317	0.0
8	69882057	69882058	1			16.310478	0.0	15.883445	0.0	7.9566693	0.0
8	69882206	69882207	1			16.396063	0.0	16.000011	0.0	7.5416317	0.0
8	69882210	69882211	1			16.431244	0.0	16.037773	0.0	7.5416317	0.0
8	69882212	69882213	1			16.421946	0.0	16.027739	0.0	7.5416317	0.0
8	69882217	69882218	1			16.429697	0.0	16.035044	0.0	7.7640243	0.0
8	69882220	69882221	1			16.429697	0.0	16.037773	0.0	7.7640243	0.0
8	69882223	69882224	1			16.412588	0.0	16.029568	0.0	7.7640243	0.0
8	69882230	69882231	1			16.4071	0.0	16.017633	0.0	7.7640243	0.0
8	69882233	69882234	1			16.414932	0.0	16.015789	0.0	7.7640243	0.0
8	69882401	69882402	1			16.05882	0.0	15.633303	0.0	8.541632	0.0
8	69885471	69885472	1			16.369709	0.0	15.941934	0.0	6.5416317	0.0
8	69885474	69885475	1			16.389719	0.0	15.946783	0.0	6.5416317	0.0
8	69885480	69885481	1			16.347782	0.0	15.913482	0.0	6.5416317	0.0
8	70742982	70742983	1			16.598076	0.0	16.192774	0.0	8.657109	0.0
8	70816874	70816875	1			15.948749	0.0	15.454174	0.0	7.2785974	0.0
8	72741657	72741658	1			16.349417	0.0	15.918427	0.0	7.7640243	0.0
8	72762603	72762604	1			16.324684	0.0	15.885468	0.0	6.5416317	0.0
8	78436303	78436304	1			15.421946	0.0	14.879393	0.0	7.2785974	0.0
8	78436416	78436417	1			15.948749	0.0	15.54907	0.0	7.5416317	0.0
8	78436419	78436420	1			15.960569	0.0	15.559238	0.0	7.5416317	0.0
8	78436425	78436426	1			15.953058	0.0	15.552892	0.0	7.5416317	0.0
8	83166465	83166466	1			15.770979	0.0	15.298988	0.0	6.9566693	0.0
8	84201708	84201709	1			16.322187	0.0	15.872273	0.0	6.9566693	0.0
8	84731629	84731630	1			16.45954	0.0	16.041405	0.0	8.4161005	0.0
8	84771960	84771961	1			16.42505	0.0	16.0056	0.0	7.5416317	0.0
8	84784634	84784635	1			16.493223	0.0	16.10959	0.0	7.9566693	0.0
8	84784774	84784775	1			16.560438	0.0	16.122507	0.0	8.278597	0.0
8	84784807	84784808	1			16.582165	0.0	16.09481	0.0	7.9566693	0.0
8	84912574	84912575	1			16.449661	0.0	16.016712	0.0	8.4161005	0.0
8	84912576	84912577	1			16.458025	0.0	16.035044	0.0	8.4161005	0.0
8	84912704	84912705	1			16.652752	0.0	16.25196	0.0	8.126595	0.0
8	84912707	84912708	1			16.666595	0.0	16.264444	0.0	8.278597	0.0
8	84912711	84912712	1			16.660679	0.0	16.255093	0.0	8.278597	0.0
8	84912714	84912715	1			16.657383	0.0	16.256655	0.0	8.278597	0.0
8	84918147	84918148	1			16.287626	0.0	15.79047	0.0	4.9566693	0.0
8	84918158	84918159	1			16.3029	0.0	15.8392725	0.0	6.5416317	0.0
8	87468955	87468956	1			15.913798	0.0	15.450081	0.0	6.9566693	0.0
8	87472241	87472242	1			15.004834	0.0	14.519429	0.0	5.9566693	0.0
8	87472974	87472975	1			14.849367	0.0	14.45281	0.0	4.9566693	0.0
8	89042502	89042503	1			16.18876	0.0	15.700308	0.0	7.7640243	0.0
8	89572047	89572048	1			15.820173	0.0	15.311074	0.0	6.9566693	0.0
8	91800473	91800474	1			15.740138	0.0	15.121649	0.0	7.5416317	0.0
8	92063762	92063763	1			16.1851	0.0	15.745537	0.0	7.5416317	0.0
8	92855474	92855475	1			15.927004	0.0	15.560505	0.0	5.9566693	0.0
8	92855486	92855487	1			15.933562	0.0	15.5452385	0.0	6.9566693	0.0
8	92855492	92855493	1			15.934652	0.0	15.5452385	0.0	7.2785974	0.0
8	94905175	94905176	1			15.404742	0.0	14.903539	0.0	6.5416317	0.0
8	99416630	99416631	1			15.350234	0.0	14.729867	0.0	5.9566693	0.0
8	99416637	99416638	1			15.425052	0.0	14.80015	0.0	5.9566693	0.0
8	99416667	99416668	1			15.531191	0.0	14.927287	0.0	6.9566693	0.0
8	99416670	99416671	1			15.525414	0.0	14.927287	0.0	6.9566693	0.0
8	104555391	104555392	1			16.697748	0.0	16.31408	0.0	8.541632	0.0
8	105259345	105259346	1			16.500603	0.0	16.054943	0.0	7.9566693	0.0
8	105277535	105277536	1			16.768536	0.0	16.233824	0.0	7.7640243	0.0
8	108715701	108715702	1			13.811892	0.0	13.318576	0.0	-6.643856	0.0
8	117856271	117856272	1			15.994417	0.0	15.481166	0.0	6.9566693	0.0
8	117856328	117856329	1			16.054815	0.0	15.564297	0.0	7.2785974	0.0
8	120268534	120268535	1			16.775852	0.0	16.346735	0.0	8.126595	0.0
8	120268707	120268708	1			16.917664	0.0	16.554163	0.0	7.9566693	0.0
8	120268743	120268744	1			17.080156	0.0	16.700308	0.0	8.541632	0.0
8	120268857	120268858	1			16.97865	0.0	16.566189	0.0	7.9566693	0.0
8	120832236	120832237	1			15.6790085	0.0	15.27142	0.0	7.7640243	0.0
8	120832255	120832256	1			15.647444	0.0	15.262113	0.0	7.7640243	0.0
8	121116808	121116809	1			16.25658	0.0	15.741077	0.0	6.9566693	0.0
8	121117016	121117017	1			16.257452	0.0	15.783981	0.0	5.9566693	0.0
8	121117019	121117020	1			16.312157	0.0	15.844479	0.0	5.9566693	0.0
8	121117030	121117031	1			16.33463	0.0	15.862041	0.0	5.9566693	0.0
8	121117079	121117080	1			16.32302	0.0	15.780726	0.0	6.9566693	0.0
8	121117098	121117099	1			16.23639	0.0	15.698009	0.0	6.9566693	0.0
8	121117104	121117105	1			16.239038	0.0	15.696857	0.0	6.9566693	0.0
8	122738696	122738697	1			16.337103	0.0	15.978387	0.0	6.5416317	0.0
8	123341654	123341655	1			16.497656	0.0	16.061218	0.0	8.278597	0.0
8	124677636	124677637	1			16.345324	0.0	15.8884945	0.0	7.5416317	0.0
8	125669727	125669728	1			15.694535	0.0	15.227461	0.0	5.9566693	0.0
8	125669766	125669767	1			15.664627	0.0	15.137006	0.0	6.5416317	0.0
8	127828007	127828008	1			16.225742	0.0	15.636908	0.0	7.5416317	0.0
9	14718160	14718161	1			16.19605	0.0	15.748873	0.0	7.7640243	0.0
9	20889940	20889941	1			16.45954	0.0	15.973643	0.0	7.9566693	0.0
9	21037816	21037817	1			16.016205	0.0	15.522031	0.0	7.2785974	0.0
9	21037820	21037821	1			16.017235	0.0	15.536258	0.0	7.2785974	0.0
9	21037835	21037836	1			16.01929	0.0	15.532392	0.0	7.2785974	0.0
9	21037837	21037838	1			16.01929	0.0	15.529808	0.0	7.2785974	0.0
9	27193937	27193938	1			15.631399	0.0	15.29443	0.0	6.5416317	0.0
9	31858921	31858922	1			16.054815	0.0	15.560505	0.0	7.2785974	0.0
9	42898296	42898297	1			16.294436	0.0	15.879393	0.0	7.7640243	0.0
9	44692257	44692258	1			16.528305	0.0	16.101786	0.0	7.7640243	0.0
9	45839240	45839241	1			16.432014	0.0	16.035954	0.0	7.2785974	0.0
9	45839425	45839426	1			16.414152	0.0	15.954509	0.0	6.9566693	0.0
9	45839573	45839574	1			15.919315	0.0	15.491823	0.0	6.5416317	0.0
9	53390605	53390606	1			16.376944	0.0	15.937068	0.0	8.278597	0.0
9	55546219	55546220	1			16.06381	0.0	15.554163	0.0	6.9566693	0.0
9	56897793	56897794	1			16.390512	0.0	15.941934	0.0	7.2785974	0.0
9	60545774	60545775	1			16.0508	0.0	15.64767	0.0	7.9566693	0.0
9	62018885	62018886	1			16.490261	0.0	16.055841	0.0	7.7640243	0.0
9	64078360	64078361	1			16.161085	0.0	15.701456	0.0	6.5416317	0.0
9	64918722	64918723	1			16.442015	0.0	15.971741	0.0	7.5416317	0.0
9	65180674	65180675	1			14.342042	0.0	13.639306	0.0	4.9566693	0.0
9	67760664	67760665	1			15.728871	0.0	15.193589	0.0	6.5416317	0.0
9	71215446	71215447	1			15.122385	0.0	14.632099	0.0	4.9566693	0.0
9	83111477	83111478	1			16.161085	0.0	15.688775	0.0	6.5416317	0.0
9	91362575	91362576	1			15.429698	0.0	14.96602	0.0	7.2785974	0.0
9	91362580	91362581	1			15.429698	0.0	14.954509	0.0	7.2785974	0.0
9	91364483	91364484	1			15.882507	0.0	15.430826	0.0	7.7640243	0.0
9	91364946	91364947	1			15.689378	0.0	15.153879	0.0	7.2785974	0.0
9	104874038	104874039	1			16.253962	0.0	15.829853	0.0	7.9566693	0.0
9	107305992	107305993	1			16.811298	0.0	16.360611	0.0	8.126595	0.0
9	107993263	107993264	1			16.899914	0.0	16.47782	0.0	6.9566693	0.0
9	110684580	110684581	1			16.0508	0.0	15.640504	0.0	6.9566693	0.0
9	110873843	110873844	1			15.910479	0.0	15.465032	0.0	6.9566693	0.0
9	110873863	110873864	1			16.041723	0.0	15.59798	0.0	7.2785974	0.0
9	110873868	110873869	1			16.061817	0.0	15.616358	0.0	7.2785974	0.0
9	110873915	110873916	1			15.914904	0.0	15.474465	0.0	7.2785974	0.0
9	111311601	111311602	1			15.636767	0.0	15.224269	0.0	7.2785974	0.0
9	111311693	111311694	1			15.844735	0.0	15.44186	0.0	6.9566693	0.0
9	111311699	111311700	1			15.838925	0.0	15.434974	0.0	6.9566693	0.0
9	111311702	111311703	1			15.855135	0.0	15.45281	0.0	6.9566693	0.0
9	111311706	111311707	1			15.852831	0.0	15.436354	0.0	7.2785974	0.0
9	111311733	111311734	1			15.919315	0.0	15.534969	0.0	7.5416317	0.0
9	111311762	111311763	1			15.972294	0.0	15.563034	0.0	7.7640243	0.0
9	111311765	111311766	1			15.984978	0.0	15.575612	0.0	7.7640243	0.0
9	111311769	111311770	1			15.960569	0.0	15.543959	0.0	7.7640243	0.0
9	111311771	111311772	1			15.958427	0.0	15.542678	0.0	7.7640243	0.0
9	111311773	111311774	1			15.9411745	0.0	15.529808	0.0	7.7640243	0.0
9	111311884	111311885	1			15.73889	0.0	15.359883	0.0	6.5416317	0.0
9	118468350	118468351	1			15.762409	0.0	15.314079	0.0	7.5416317	0.0
9	119028888	119028889	1			16.461054	0.0	15.993464	0.0	8.86356	0.0
9	119146607	119146608	1			16.689379	0.0	16.31408	0.0	7.5416317	0.0
9	119418197	119418198	1			16.458782	0.0	15.969836	0.0	8.126595	0.0
9	121808080	121808081	1			16.294436	0.0	15.873292	0.0	8.126595	0.0
10	4430456	4430457	1			16.843575	0.0	16.36279	0.0	8.126595	0.0
10	5491389	5491390	1			16.19696	0.0	15.74665	0.0	5.9566693	0.0
10	7839844	7839845	1			16.313833	0.0	15.880406	0.0	8.278597	0.0
10	13028009	13028010	1			16.432014	0.0	15.991589	0.0	7.2785974	0.0
10	14535658	14535659	1			16.032589	0.0	15.550345	0.0	7.2785974	0.0
10	21882266	21882267	1			15.613813	0.0	15.09743	0.0	6.9566693	0.0
10	32890319	32890320	1			15.673795	0.0	15.208203	0.0	6.5416317	0.0
10	33624466	33624467	1			15.279926	0.0	14.804431	0.0	6.5416317	0.0
10	33624566	33624567	1			15.542675	0.0	15.076343	0.0	4.9566693	0.0
10	44206135	44206136	1			-6.643856	0.0	-6.643856	0.0	5.9566693	0.0
10	44456843	44456844	1			16.414932	0.0	16.000944	0.0	7.7640243	0.0
10	49782905	49782906	1			15.910479	0.0	15.477149	0.0	6.9566693	0.0
10	49788564	49788565	1			15.234621	0.0	14.672473	0.0	5.9566693	0.0
10	59970251	59970252	1			16.421167	0.0	15.985946	0.0	7.5416317	0.0
10	60685807	60685808	1			15.835427	0.0	15.428055	0.0	7.2785974	0.0
10	60944331	60944332	1			16.115673	0.0	15.620006	0.0	5.9566693	0.0
10	61632621	61632622	1			16.52469	0.0	16.056738	0.0	7.5416317	0.0
10	61726044	61726045	1			16.491001	0.0	15.998144	0.0	8.4161005	0.0
10	70121162	70121163	1			15.684202	0.0	15.331983	0.0	6.9566693	0.0
10	70599111	70599112	1			15.06381	0.0	14.672473	0.0	6.5416317	0.0
10	70599713	70599714	1			15.646113	0.0	15.230645	0.0	-6.643856	0.0
10	70599742	70599743	1			15.728871	0.0	15.331983	0.0	4.9566693	0.0
10	70599752	70599753	1			15.6354265	0.0	15.240158	0.0	4.9566693	0.0
10	75424606	75424607	1			16.427376	0.0	15.961234	0.0	7.7640243	0.0
10	75424612	75424613	1			16.485806	0.0	16.009314	0.0	7.5416317	0.0
10	75424630	75424631	1			16.482828	0.0	16.019476	0.0	7.2785974	0.0
10	75424632	75424633	1			16.457266	0.0	15.996274	0.0	7.2785974	0.0
10	79881969	79881970	1			16.836594	0.0	16.435663	0.0	8.278597	0.0
10	79921060	79921061	1			16.67118	0.0	16.29747	0.0	7.7640243	0.0
10	79921218	79921219	1			16.487291	0.0	16.02499	0.0	7.2785974	0.0
10	79921235	79921236	1			16.536943	0.0	16.068356	0.0	5.9566693	0.0
10	79921238	79921239	1			16.563965	0.0	16.08956	0.0	5.9566693	0.0
10	79921251	79921252	1			16.51452	0.0	16.030481	0.0	4.9566693	0.0
10	79921259	79921260	1			16.51087	0.0	16.012093	0.0	4.9566693	0.0
10	79921264	79921265	1			16.481337	0.0	15.982171	0.0	4.9566693	0.0
10	79921611	79921612	1			16.953058	0.0	16.54907	0.0	8.278597	0.0
10	79921617	79921618	1			16.977592	0.0	16.57185	0.0	8.126595	0.0
10	79921629	79921630	1			16.957355	0.0	16.54907	0.0	8.278597	0.0
10	79921632	79921633	1			16.972824	0.0	16.562403	0.0	8.278597	0.0
10	79921819	79921820	1			17.03919	0.0	16.648266	0.0	7.9566693	0.0
10	79921821	79921822	1			17.031061	0.0	16.638708	0.0	7.9566693	0.0
10	79921837	79921838	1			17.034624	0.0	16.649456	0.0	7.9566693	0.0
10	80810385	80810386	1			16.498392	0.0	16.103523	0.0	7.7640243	0.0
10	80810392	80810393	1			16.507212	0.0	16.115633	0.0	7.5416317	0.0
10	80810498	80810499	1			16.974417	0.0	16.597363	0.0	8.278597	0.0
10	80988204	80988205	1			16.181433	0.0	15.78723	0.0	7.5416317	0.0
10	83384139	83384140	1			16.40867	0.0	15.976491	0.0	7.5416317	0.0
10	88390758	88390759	1			15.828407	0.0	15.473122	0.0	6.9566693	0.0
10	88560484	88560485	1			16.396063	0.0	15.960276	0.0	8.541632	0.0
10	98343301	98343302	1			-6.643856	0.0	-6.643856	0.0	5.9566693	0.0
10	103028024	103028025	1			16.292736	0.0	15.818256	0.0	8.278597	0.0
10	103028645	103028646	1			13.881377	0.0	13.411311	0.0	4.9566693	0.0
10	103028731	103028732	1			15.000676	0.0	14.529808	0.0	4.9566693	0.0
10	103028734	103028735	1			15.053812	0.0	14.59798	0.0	5.9566693	0.0
10	103028768	103028769	1			15.271323	0.0	14.858957	0.0	6.5416317	0.0
10	103029442	103029443	1			15.764863	0.0	15.268324	0.0	7.2785974	0.0
10	109010551	109010552	1			15.388924	0.0	15.014866	0.0	5.9566693	0.0
10	109010638	109010639	1			15.713712	0.0	15.323059	0.0	4.9566693	0.0
10	109010652	109010653	1			15.621956	0.0	15.201726	0.0	4.9566693	0.0
10	109010673	109010674	1			15.332149	0.0	14.950651	0.0	4.9566693	0.0
10	114801285	114801286	1			15.440481	0.0	14.933164	0.0	5.9566693	0.0
10	114801288	114801289	1			15.431243	0.0	14.954509	0.0	5.9566693	0.0
10	114801481	114801482	1			14.0233965	0.0	13.508975	0.0	4.9566693	0.0
10	114802243	114802244	1			15.855135	0.0	15.320072	0.0	6.5416317	0.0
10	116346878	116346879	1			15.994417	0.0	15.585596	0.0	7.7640243	0.0
10	120422320	120422321	1			16.093395	0.0	15.650051	0.0	6.9566693	0.0
10	120422379	120422380	1			16.166664	0.0	15.744423	0.0	6.9566693	0.0
10	120428473	120428474	1			16.374537	0.0	16.017633	0.0	7.2785974	0.0
10	120428504	120428505	1			16.377747	0.0	16.054045	0.0	7.5416317	0.0
10	120428674	120428675	1			16.328007	0.0	15.955471	0.0	7.2785974	0.0
10	120558188	120558189	1			16.087526	0.0	15.576863	0.0	7.5416317	0.0
10	120558197	120558198	1			16.068783	0.0	15.570594	0.0	7.5416317	0.0
10	121161542	121161543	1			16.038685	0.0	15.591801	0.0	4.9566693	0.0
10	121161559	121161560	1			16.025444	0.0	15.568078	0.0	4.9566693	0.0
10	121931533	121931534	1			16.169443	0.0	15.728742	0.0	7.5416317	0.0
10	122738407	122738408	1			16.253088	0.0	15.793704	0.0	7.2785974	0.0
10	123788289	123788290	1			16.370514	0.0	15.950651	0.0	6.5416317	0.0
10	128502520	128502521	1			16.751316	0.0	16.246466	0.0	7.9566693	0.0
11	4135724	4135725	1			16.130018	0.0	15.681811	0.0	7.7640243	0.0
11	4949389	4949390	1			15.882507	0.0	15.331983	0.0	7.2785974	0.0
11	4954035	4954036	1			15.49618	0.0	14.998144	0.0	5.9566693	0.0
11	12756587	12756588	1			-6.643856	0.0	-6.643856	0.0	-6.643856	0.0
11	20477838	20477839	1			15.392101	0.0	14.879393	0.0	-6.643856	0.0
11	20762369	20762370	1			-6.643856	0.0	-6.643856	0.0	6.9566693	0.0
11	21993733	21993734	1			15.712441	0.0	15.269873	0.0	7.5416317	0.0
11	21993757	21993758	1			15.693248	0.0	15.249608	0.0	7.5416317	0.0
11	21994068	21994069	1			16.130018	0.0	15.675982	0.0	6.9566693	0.0
11	21997929	21997930	1			16.292736	0.0	15.89051	0.0	7.5416317	0.0
11	22007183	22007184	1			15.99023	0.0	15.502402	0.0	4.9566693	0.0
11	22007227	22007228	1			15.960569	0.0	15.425278	0.0	4.9566693	0.0
11	24523596	24523597	1			-6.643856	0.0	6.405687	0.0	5.9566693	0.0
11	29824620	29824621	1			16.119513	0.0	15.648861	0.0	6.9566693	0.0
11	29825373	29825374	1			16.322187	0.0	15.857928	0.0	6.5416317	0.0
11	33201272	33201273	1			15.684202	0.0	15.298988	0.0	-6.643856	0.0
11	33203157	33203158	1			15.593252	0.0	15.177176	0.0	6.9566693	0.0
11	33203379	33203380	1			15.551229	0.0	15.11132	0.0	5.9566693	0.0
11	33203405	33203406	1			15.5597315	0.0	15.102654	0.0	6.5416317	0.0
11	33203575	33203576	1			15.906039	0.0	15.436354	0.0	7.5416317	0.0
11	33203583	33203584	1			15.934652	0.0	15.473122	0.0	7.5416317	0.0
11	35798308	35798309	1			13.482827	0.0	12.990649	0.0	6.5416317	0.0
11	35798311	35798312	1			13.500603	0.0	13.056739	0.0	6.5416317	0.0
11	35798487	35798488	1			15.302057	0.0	14.8955345	0.0	5.9566693	0.0
11	42182440	42182441	1			15.628707	0.0	15.138702	0.0	7.2785974	0.0
11	42182447	42182448	1			15.642116	0.0	15.167238	0.0	7.2785974	0.0
11	51647045	51647046	1			16.849945	0.0	16.407799	0.0	8.956669	0.0
11	51786085	51786086	1			16.577986	0.0	16.122507	0.0	7.9566693	0.0
11	53463565	53463566	1			16.343683	0.0	15.966975	0.0	6.5416317	0.0
11	53463757	53463758	1			16.432787	0.0	16.022236	0.0	6.5416317	0.0
11	53478691	53478692	1			16.066795	0.0	15.687616	0.0	7.5416317	0.0
11	53478799	53478800	1			15.995462	0.0	15.564297	0.0	7.5416317	0.0
11	53478875	53478876	1			15.699674	0.0	15.305044	0.0	6.5416317	0.0
11	53478907	53478908	1			15.64078	0.0	15.232235	0.0	5.9566693	0.0
11	53508268	53508269	1			16.19514	0.0	15.719704	0.0	6.5416317	0.0
11	57827286	57827287	1			15.73389	0.0	15.291383	0.0	7.7640243	0.0
11	57827306	57827307	1			15.723836	0.0	15.309568	0.0	7.5416317	0.0
11	57827308	57827309	1			15.727614	0.0	15.311074	0.0	7.7640243	0.0
11	59312571	59312572	1			16.412588	0.0	16.001877	0.0	7.7640243	0.0
11	61147017	61147018	1			16.470856	0.0	16.04231	0.0	8.126595	0.0
11	61147591	61147592	1			15.775853	0.0	15.170558	0.0	6.9566693	0.0
11	61147624	61147625	1			15.803563	0.0	15.243315	0.0	7.2785974	0.0
11	61147628	61147629	1			15.804756	0.0	15.227461	0.0	7.2785974	0.0
11	61684480	61684481	1			15.684202	0.0	15.257436	0.0	7.9566693	0.0
11	61684493	61684494	1			15.787966	0.0	15.387254	0.0	7.9566693	0.0
11	61684502	61684503	1			15.858585	0.0	15.447346	0.0	8.126595	0.0
11	61684617	61684618	1			16.288479	0.0	15.920401	0.0	7.5416317	0.0
11	61684760	61684761	1			16.255709	0.0	15.891516	0.0	7.5416317	0.0
11	61684957	61684958	1			16.277351	0.0	15.899542	0.0	7.2785974	0.0
11	67675679	67675680	1			16.415714	0.0	16.035044	0.0	7.2785974	0.0
11	69119878	69119879	1			16.770369	0.0	16.26289	0.0	8.126595	0.0
11	69965435	69965436	1			16.363247	0.0	15.8955345	0.0	8.4161005	0.0
11	69965451	69965452	1			16.396063	0.0	15.928268	0.0	8.4161005	0.0
11	69965453	69965454	1			16.386536	0.0	15.92434	0.0	8.4161005	0.0
11	69965459	69965460	1			16.384941	0.0	15.927287	0.0	8.4161005	0.0
11	69965462	69965463	1			16.377747	0.0	15.916451	0.0	8.4161005	0.0
11	69965586	69965587	1			16.550518	0.0	16.12422	0.0	7.2785974	0.0
11	69965621	69965622	1			16.476105	0.0	16.073685	0.0	7.2785974	0.0
11	69965628	69965629	1			16.417274	0.0	16.014866	0.0	7.2785974	0.0
11	69965631	69965632	1			16.378548	0.0	15.974593	0.0	7.2785974	0.0
11	69966088	69966089	1			16.215914	0.0	15.735483	0.0	7.5416317	0.0
11	69966093	69966094	1			16.206017	0.0	15.729867	0.0	7.5416317	0.0
11	75895183	75895184	1			15.899355	0.0	15.390105	0.0	7.7640243	0.0
11	75895188	75895189	1			15.909369	0.0	15.392951	0.0	7.5416317	0.0
11	75895201	75895202	1			15.8971195	0.0	15.402866	0.0	7.7640243	0.0
11	79140423	79140424	1			16.602884	0.0	16.190321	0.0	8.278597	0.0
11	79899821	79899822	1			16.488777	0.0	16.113909	0.0	7.2785974	0.0
11	81371989	81371990	1			15.644782	0.0	15.093937	0.0	-6.643856	0.0
11	82580265	82580266	1			16.491001	0.0	16.074572	0.0	7.2785974	0.0
11	82926084	82926085	1			16.407887	0.0	15.978387	0.0	6.9566693	0.0
11	83020521	83020522	1			15.680308	0.0	15.317079	0.0	6.9566693	0.0
11	83849875	83849876	1			16.24608	0.0	15.775284	0.0	6.5416317	0.0
11	83850008	83850009	1			16.111822	0.0	15.67715	0.0	7.5416317	0.0
11	83851068	83851069	1			15.274771	0.0	14.709468	0.0	6.5416317	0.0
11	83851560	83851561	1			16.079664	0.0	15.679482	0.0	7.2785974	0.0
11	83851770	83851771	1			16.114712	0.0	15.7106085	0.0	6.5416317	0.0
11	84526409	84526410	1			15.98603	0.0	15.494475	0.0	7.7640243	0.0
11	85688574	85688575	1			16.53047	0.0	16.119074	0.0	7.2785974	0.0
11	85886588	85886589	1			15.822531	0.0	15.451447	0.0	6.5416317	0.0
11	87240694	87240695	1			16.503544	0.0	16.053144	0.0	8.4161005	0.0
11	88193377	88193378	1			16.142338	0.0	15.755521	0.0	6.9566693	0.0
11	88687323	88687324	1			16.168518	0.0	15.693399	0.0	7.5416317	0.0
11	90033102	90033103	1			15.318852	0.0	14.8955345	0.0	6.5416317	0.0
11	90033112	90033113	1			15.269597	0.0	14.808699	0.0	6.5416317	0.0
11	90033352	90033353	1			15.382546	0.0	14.9253235	0.0	5.9566693	0.0
11	90033356	90033357	1			15.361626	0.0	14.911498	0.0	5.9566693	0.0
11	90687994	90687995	1			15.9807625	0.0	15.497122	0.0	6.9566693	0.0
11	93098216	93098217	1			15.807138	0.0	15.265222	0.0	7.2785974	0.0
11	94591678	94591679	1			16.546959	0.0	16.05853	0.0	7.5416317	0.0
11	95009200	95009201	1			16.389719	0.0	15.973643	0.0	7.2785974	0.0
11	96005005	96005006	1			14.5412445	0.0	13.990649	0.0	4.9566693	0.0
11	96005030	96005031	1			14.295283	0.0	13.819315	0.0	4.9566693	0.0
11	96005522	96005523	1			15.568185	0.0	15.079879	0.0	7.5416317	0.0
11	96005567	96005568	1			15.411022	0.0	14.931208	0.0	7.5416317	0.0
11	96007033	96007034	1			14.479844	0.0	14.042312	0.0	6.5416317	0.0
11	96007673	96007674	1			15.209623	0.0	14.743309	0.0	6.5416317	0.0
11	96332814	96332815	1			15.487292	0.0	15.071023	0.0	6.5416317	0.0
11	96345937	96345938	1			15.310479	0.0	14.778552	0.0	8.126595	0.0
11	96345964	96345965	1			15.712441	0.0	15.1919565	0.0	8.126595	0.0
11	96346051	96346052	1			15.406315	0.0	14.954509	0.0	7.2785974	0.0
11	96346054	96346055	1			15.355127	0.0	14.9095125	0.0	6.9566693	0.0
11	96988532	96988533	1			16.533352	0.0	16.10959	0.0	6.9566693	0.0
11	98042810	98042811	1			16.142338	0.0	15.689933	0.0	8.126595	0.0
11	98767344	98767345	1			14.605623	0.0	14.056739	0.0	-6.643856	0.0
11	98767348	98767349	1			14.64078	0.0	14.085167	0.0	-6.643856	0.0
11	98767387	98767388	1			14.8745775	0.0	14.269873	0.0	-6.643856	0.0
11	98767391	98767392	1			14.872303	0.0	14.257436	0.0	-6.643856	0.0
11	102399398	102399399	1			15.415713	0.0	15.020396	0.0	-6.643856	0.0
11	102480494	102480495	1			16.121428	0.0	15.602903	0.0	6.5416317	0.0
11	102606002	102606003	1			16.234621	0.0	15.7106085	0.0	8.126595	0.0
11	108039122	108039123	1			16.235506	0.0	15.747762	0.0	7.7640243	0.0
11	113499146	113499147	1			16.162018	0.0	15.761038	0.0	7.7640243	0.0
11	113785976	113785977	1			15.883636	0.0	15.481166	0.0	5.9566693	0.0
11	115891315	115891316	1			14.643449	0.0	14.216258	0.0	5.9566693	0.0
11	116108261	116108262	1			16.31467	0.0	15.911498	0.0	7.7640243	0.0
11	116108285	116108286	1			16.477602	0.0	16.054943	0.0	7.9566693	0.0
11	116108298	116108299	1			16.616533	0.0	16.173872	0.0	8.278597	0.0
11	116108405	116108406	1			16.683554	0.0	16.229053	0.0	7.9566693	0.0
11	117235563	117235564	1			15.763637	0.0	15.2868	0.0	6.5416317	0.0
11	117250286	117250287	1			16.66002	0.0	16.186226	0.0	6.9566693	0.0
11	119267697	119267698	1			16.401592	0.0	16.009314	0.0	7.7640243	0.0
11	120630508	120630509	1			16.90826	0.0	16.487171	0.0	7.7640243	0.0
11	120641815	120641816	1			16.830166	0.0	16.32604	0.0	8.657109	0.0
12	14149828	14149829	1			16.328836	0.0	15.9253235	0.0	7.7640243	0.0
12	14149957	14149958	1			16.376944	0.0	16.027739	0.0	8.126595	0.0
12	14150167	14150168	1			16.002756	0.0	15.588081	0.0	7.9566693	0.0
12	14150171	14150172	1			16.007944	0.0	15.595511	0.0	7.9566693	0.0
12	14150177	14150178	1			15.994417	0.0	15.588081	0.0	7.9566693	0.0
12	14150198	14150199	1			15.851677	0.0	15.433593	0.0	7.7640243	0.0
12	14151952	14151953	1			15.841251	0.0	15.356972	0.0	7.5416317	0.0
12	14151978	14151979	1			15.891517	0.0	15.475808	0.0	7.9566693	0.0
12	14151983	14151984	1			15.943343	0.0	15.540113	0.0	7.9566693	0.0
12	14151989	14151990	1			15.989181	0.0	15.59798	0.0	7.7640243	0.0
12	14152094	14152095	1			15.88927	0.0	15.515517	0.0	7.9566693	0.0
12	18514577	18514578	1			15.911586	0.0	15.599213	0.0	6.5416317	0.0
12	18853854	18853855	1			15.620603	0.0	15.1919565	0.0	5.9566693	0.0
12	19704171	19704172	1			15.73889	0.0	15.291383	0.0	7.2785974	0.0
12	19704196	19704197	1			15.860881	0.0	15.404277	0.0	6.5416317	0.0
12	19704276	19704277	1			16.013113	0.0	15.583106	0.0	7.7640243	0.0
12	19882413	19882414	1			15.636767	0.0	15.165575	0.0	5.9566693	0.0
12	19882419	19882420	1			15.6354265	0.0	15.172215	0.0	5.9566693	0.0
12	19882421	19882422	1			15.638106	0.0	15.18212	0.0	6.5416317	0.0
12	19954353	19954354	1			15.327177	0.0	14.937068	0.0	6.5416317	0.0
12	19954358	19954359	1			15.335454	0.0	14.937068	0.0	6.5416317	0.0
12	19954360	19954361	1			15.333802	0.0	14.913482	0.0	6.5416317	0.0
12	19954370	19954371	1			15.396854	0.0	15.0056	0.0	6.9566693	0.0
12	19954372	19954373	1			15.353498	0.0	14.954509	0.0	6.9566693	0.0
12	19954389	19954390	1			15.4858055	0.0	15.069245	0.0	6.9566693	0.0
12	19954391	19954392	1			15.4858055	0.0	15.058532	0.0	6.9566693	0.0
12	19954465	19954466	1			15.46634	0.0	15.047738	0.0	6.5416317	0.0
12	20196411	20196412	1			15.898238	0.0	15.5181265	0.0	6.9566693	0.0
12	20197016	20197017	1			15.835427	0.0	15.422495	0.0	6.9566693	0.0
12	20312135	20312136	1			15.523967	0.0	15.162243	0.0	4.9566693	0.0
12	20312159	20312160	1			15.497655	0.0	15.125075	0.0	4.9566693	0.0
12	20312169	20312170	1			15.464831	0.0	15.102654	0.0	4.9566693	0.0
12	20312384	20312385	1			15.857436	0.0	15.433593	0.0	7.5416317	0.0
12	20312622	20312623	1			15.628707	0.0	15.233823	0.0	5.9566693	0.0
12	20614980	20614981	1			15.449661	0.0	15.053145	0.0	-6.643856	0.0
12	22466728	22466729	1			15.840089	0.0	15.390105	0.0	6.5416317	0.0
12	22466733	22466734	1			15.864317	0.0	15.405686	0.0	6.5416317	0.0
12	22466735	22466736	1			15.850522	0.0	15.411311	0.0	6.5416317	0.0
12	22466813	22466814	1			15.833091	0.0	15.437733	0.0	7.2785974	0.0
12	22466819	22466820	1			15.820173	0.0	15.426666	0.0	7.2785974	0.0
12	22466826	22466827	1			15.894881	0.0	15.501083	0.0	6.9566693	0.0
12	22466836	22466837	1			15.863173	0.0	15.467732	0.0	6.9566693	0.0
12	22466848	22466849	1			15.801174	0.0	15.407095	0.0	6.5416317	0.0
12	22745383	22745384	1			15.875712	0.0	15.502402	0.0	7.7640243	0.0
12	22745402	22745403	1			15.88927	0.0	15.491823	0.0	7.7640243	0.0
12	22906098	22906099	1			15.802369	0.0	15.378667	0.0	6.9566693	0.0
12	22906202	22906203	1			16.07374	0.0	15.730992	0.0	7.5416317	0.0
12	22906211	22906212	1			16.039698	0.0	15.701456	0.0	7.2785974	0.0
12	22906213	22906214	1			16.028511	0.0	15.674813	0.0	7.2785974	0.0
12	22906237	22906238	1			16.03157	0.0	15.674813	0.0	7.2785974	0.0
12	27341791	27341792	1			15.931379	0.0	15.566818	0.0	6.9566693	0.0
12	46819148	46819149	1			15.187846	0.0	14.863068	0.0	4.9566693	0.0
12	46819155	46819156	1			15.241684	0.0	14.911498	0.0	4.9566693	0.0
12	46819161	46819162	1			15.186016	0.0	14.8548355	0.0	4.9566693	0.0
12	46819170	46819171	1			15.204209	0.0	14.844479	0.0	5.9566693	0.0
12	46819173	46819174	1			15.198775	0.0	14.856898	0.0	5.9566693	0.0
12	46819179	46819180	1			15.169444	0.0	14.842399	0.0	5.9566693	0.0
12	46819289	46819290	1			14.434329	0.0	14.045932	0.0	6.5416317	0.0
12	46819300	46819301	1			14.491742	0.0	14.078113	0.0	5.9566693	0.0
12	46819305	46819306	1			14.46181	0.0	14.063898	0.0	4.9566693	0.0
12	46819874	46819875	1			16.215914	0.0	15.781813	0.0	6.5416317	0.0
12	49383670	49383671	1			14.7660885	0.0	14.312577	0.0	5.9566693	0.0
12	49383970	49383971	1			14.748839	0.0	14.282204	0.0	6.5416317	0.0
12	49384436	49384437	1			14.885893	0.0	14.463678	0.0	5.9566693	0.0
12	49385535	49385536	1			15.755024	0.0	15.25431	0.0	5.9566693	0.0
12	49391311	49391312	1			15.974416	0.0	15.394371	0.0	7.2785974	0.0
12	56438729	56438730	1			16.178675	0.0	15.735483	0.0	7.5416317	0.0
12	61524739	61524740	1			16.07374	0.0	15.604132	0.0	8.126595	0.0
12	76215187	76215188	1			15.509408	0.0	15.072799	0.0	5.9566693	0.0
12	84417643	84417644	1			16.41337	0.0	15.936093	0.0	6.9566693	0.0
12	84417645	84417646	1			16.414932	0.0	15.940962	0.0	7.2785974	0.0
12	84417652	84417653	1			16.42505	0.0	15.953546	0.0	7.2785974	0.0
12	85475616	85475617	1			16.505745	0.0	15.987829	0.0	7.5416317	0.0
12	101012426	101012427	1			16.385738	0.0	15.921387	0.0	6.5416317	0.0
12	105003348	105003349	1			16.767313	0.0	16.367136	0.0	7.2785974	0.0
12	105234295	105234296	1			16.357569	0.0	15.978387	0.0	7.7640243	0.0
12	108328044	108328045	1			16.291035	0.0	15.868189	0.0	8.4161005	0.0
12	108328046	108328047	1			16.281641	0.0	15.8671665	0.0	8.4161005	0.0
12	108328056	108328057	1			16.25658	0.0	15.865118	0.0	8.4161005	0.0
12	108328063	108328064	1			16.231075	0.0	15.8548355	0.0	8.657109	0.0
12	108328065	108328066	1			16.243444	0.0	15.856898	0.0	8.657109	0.0
12	109408773	109408774	1			16.461054	0.0	16.045027	0.0	7.7640243	0.0
12	109408782	109408783	1			16.458025	0.0	16.048641	0.0	7.7640243	0.0
12	109408834	109408835	1			16.527582	0.0	16.162243	0.0	8.657109	0.0
12	109408943	109408944	1			16.544104	0.0	16.15388	0.0	8.4161005	0.0
12	109511992	109511993	1			15.798781	0.0	15.29747	0.0	7.5416317	0.0
12	110855343	110855344	1			16.665283	0.0	16.15388	0.0	8.541632	0.0
12	111445885	111445886	1			16.312157	0.0	15.865118	0.0	7.9566693	0.0
12	111998696	111998697	1			16.401592	0.0	15.930228	0.0	7.7640243	0.0
12	112665757	112665758	1			16.580772	0.0	16.137007	0.0	7.7640243	0.0
12	112707532	112707533	1			14.761181	0.0	14.365688	0.0	6.9566693	0.0
13	10045858	10045859	1			16.290182	0.0	15.80015	0.0	6.9566693	0.0
13	18218741	18218742	1			15.912693	0.0	15.481166	0.0	7.2785974	0.0
13	18218747	18218748	1			15.971232	0.0	15.532392	0.0	7.5416317	0.0
13	18218858	18218859	1			16.200588	0.0	15.803362	0.0	8.278597	0.0
13	18218860	18218861	1			16.205112	0.0	15.811892	0.0	8.278597	0.0
13	20120711	20120712	1			16.554777	0.0	16.14378	0.0	7.9566693	0.0
13	25387556	25387557	1			16.24608	0.0	15.78723	0.0	6.5416317	0.0
13	38503124	38503125	1			15.651427	0.0	15.148838	0.0	6.5416317	0.0
13	40657650	40657651	1			16.335453	0.0	15.841357	0.0	6.9566693	0.0
13	41078865	41078866	1			16.432014	0.0	16.052246	0.0	7.2785974	0.0
13	41078981	41078982	1			16.189672	0.0	15.814016	0.0	7.2785974	0.0
13	41079164	41079165	1			14.768536	0.0	14.257436	0.0	5.9566693	0.0
13	41220334	41220335	1			15.174989	0.0	14.7140255	0.0	4.9566693	0.0
13	41220361	41220362	1			15.126207	0.0	14.711748	0.0	4.9566693	0.0
13	41220365	41220366	1			15.126207	0.0	14.71857	0.0	4.9566693	0.0
13	41220504	41220505	1			14.795186	0.0	14.359883	0.0	5.9566693	0.0
13	52989777	52989778	1			16.442781	0.0	16.015789	0.0	5.9566693	0.0
13	53257187	53257188	1			16.095346	0.0	15.5967455	0.0	6.9566693	0.0
13	54178642	54178643	1			15.898238	0.0	15.471776	0.0	6.9566693	0.0
13	58806665	58806666	1			16.013113	0.0	15.584352	0.0	7.7640243	0.0
13	60176260	60176261	1			16.116634	0.0	15.719704	0.0	6.9566693	0.0
13	60176384	60176385	1			16.116634	0.0	15.7231	0.0	7.2785974	0.0
13	60176517	60176518	1			16.07275	0.0	15.735483	0.0	7.2785974	0.0
13	60176554	60176555	1			16.015175	0.0	15.67715	0.0	6.5416317	0.0
13	60348033	60348034	1			16.201494	0.0	15.733239	0.0	6.9566693	0.0
13	60497752	60497753	1			16.032589	0.0	15.507663	0.0	7.2785974	0.0
13	60687050	60687051	1			16.969107	0.0	16.579365	0.0	8.541632	0.0
13	60687073	60687074	1			16.918764	0.0	16.537544	0.0	8.4161005	0.0
13	65726822	65726823	1			12.27821	0.0	11.534969	0.0	-6.643856	0.0
13	71959658	71959659	1			15.994417	0.0	15.588081	0.0	7.7640243	0.0
13	76384398	76384399	1			15.5904875	0.0	15.188685	0.0	7.5416317	0.0
13	81025544	81025545	1			5.5639644	0.0	6.405687	0.0	5.9566693	0.0
13	94706728	94706729	1			15.962708	0.0	15.458255	0.0	7.2785974	0.0
13	95616595	95616596	1			16.104092	0.0	15.61148	0.0	6.5416317	0.0
13	97291295	97291296	1			15.528305	0.0	15.102654	0.0	6.9566693	0.0
13	100752695	100752696	1			16.682257	0.0	16.238577	0.0	8.541632	0.0
13	101879935	101879936	1			16.450422	0.0	16.001877	0.0	6.9566693	0.0
13	102639929	102639930	1			16.48059	0.0	16.093937	0.0	7.9566693	0.0
13	112443509	112443510	1			16.409454	0.0	15.946783	0.0	6.5416317	0.0
13	112443517	112443518	1			16.427376	0.0	15.9688835	0.0	7.2785974	0.0
13	112443541	112443542	1			16.406315	0.0	15.927287	0.0	6.9566693	0.0
13	112443543	112443544	1			16.392895	0.0	15.911498	0.0	6.9566693	0.0
13	114933593	114933594	1			16.368095	0.0	15.945815	0.0	7.5416317	0.0
13	115959378	115959379	1			-6.643856	0.0	-6.643856	0.0	4.9566693	0.0
13	117603200	117603201	1			15.325516	0.0	14.9194145	0.0	-6.643856	0.0
13	119741978	119741979	1			16.159222	0.0	15.694553	0.0	7.7640243	0.0
14	4415197	4415198	1			12.1638775	0.0	11.514212	0.0	-6.643856	0.0
14	4649593	4649594	1			12.563965	0.0	12.092187	0.0	-6.643856	0.0
14	4649732	4649733	1			14.222176	0.0	13.605359	0.0	6.5416317	0.0
14	4726410	4726411	1			11.396854	0.0	10.359883	0.0	4.9566693	0.0
14	17483381	17483382	1			16.31467	0.0	15.8743105	0.0	7.9566693	0.0
14	21990782	21990783	1			16.467093	0.0	16.013018	0.0	6.5416317	0.0
14	21990796	21990797	1			16.4351	0.0	15.976491	0.0	6.9566693	0.0
14	21990803	21990804	1			16.39448	0.0	15.941934	0.0	6.5416317	0.0
14	43122171	43122172	1			15.713712	0.0	15.22107	0.0	6.5416317	0.0
14	51054369	51054370	1			16.737642	0.0	16.29747	0.0	6.5416317	0.0
14	54408731	54408732	1			16.491743	0.0	16.029568	0.0	7.2785974	0.0
14	55827084	55827085	1			16.345324	0.0	15.915462	0.0	6.9566693	0.0
14	59840574	59840575	1			16.303745	0.0	15.896538	0.0	7.5416317	0.0
14	61689834	61689835	1			16.228413	0.0	15.775284	0.0	6.9566693	0.0
14	61689932	61689933	1			16.541245	0.0	16.081644	0.0	7.5416317	0.0
14	61689950	61689951	1			16.291035	0.0	15.826699	0.0	6.9566693	0.0
14	63123892	63123893	1			16.001717	0.0	15.528515	0.0	6.9566693	0.0
14	63123900	63123901	1			16.043745	0.0	15.573105	0.0	6.9566693	0.0
14	65326541	65326542	1			16.087526	0.0	15.622433	0.0	7.7640243	0.0
14	65676372	65676373	1			16.18876	0.0	15.687616	0.0	8.278597	0.0
14	67146752	67146753	1			16.365673	0.0	15.938043	0.0	8.278597	0.0
14	70079771	70079772	1			16.147047	0.0	15.634505	0.0	7.7640243	0.0
14	74643113	74643114	1			16.093395	0.0	15.6548	0.0	5.9566693	0.0
14	75192890	75192891	1			16.286772	0.0	15.845518	0.0	6.5416317	0.0
14	93891076	93891077	1			16.104092	0.0	15.666606	0.0	6.5416317	0.0
14	122462914	122462915	1			16.061817	0.0	15.591801	0.0	7.7640243	0.0
15	26308783	26308784	1			14.449661	0.0	13.960276	0.0	-6.643856	0.0
15	26308785	26308786	1			14.476853	0.0	13.986887	0.0	-6.643856	0.0
15	26308807	26308808	1			14.611089	0.0	14.140396	0.0	-6.643856	0.0
15	26308812	26308813	1			14.611089	0.0	14.15052	0.0	-6.643856	0.0
15	26895770	26895771	1			15.549807	0.0	15.121649	0.0	6.5416317	0.0
15	36641258	36641259	1			16.730127	0.0	16.286036	0.0	5.9566693	0.0
15	58979668	58979669	1			16.880245	0.0	16.467733	0.0	8.4161005	0.0
15	71727965	71727966	1			15.860881	0.0	15.448714	0.0	6.5416317	0.0
15	72546959	72546960	1			15.621956	0.0	15.160574	0.0	7.2785974	0.0
15	72547547	72547548	1			14.377746	0.0	13.9253235	0.0	4.9566693	0.0
15	72547706	72547707	1			15.388924	0.0	15.007458	0.0	6.5416317	0.0
15	73176975	73176976	1			16.86088	0.0	16.370028	0.0	8.764024	0.0
15	73893927	73893928	1			16.298674	0.0	15.828803	0.0	7.2785974	0.0
15	76087218	76087219	1			16.73201	0.0	16.306553	0.0	7.7640243	0.0
15	76090097	76090098	1			15.979706	0.0	15.557972	0.0	6.9566693	0.0
15	76189160	76189161	1			16.571693	0.0	16.138702	0.0	8.4161005	0.0
15	79879275	79879276	1			16.333803	0.0	15.8743105	0.0	7.7640243	0.0
15	80111387	80111388	1			15.215016	0.0	14.756626	0.0	6.5416317	0.0
15	82928785	82928786	1			16.226633	0.0	15.826699	0.0	7.7640243	0.0
15	85961529	85961530	1			16.359192	0.0	15.911498	0.0	7.7640243	0.0
15	87625452	87625453	1			15.6246605	0.0	15.24489	0.0	6.5416317	0.0
15	87625501	87625502	1			15.78071	0.0	15.354054	0.0	6.9566693	0.0
15	87625503	87625504	1			15.762409	0.0	15.333465	0.0	6.9566693	0.0
15	87625507	87625508	1			15.777069	0.0	15.346734	0.0	7.2785974	0.0
15	87625524	87625525	1			15.916008	0.0	15.454174	0.0	5.9566693	0.0
15	87625658	87625659	1			16.022371	0.0	15.566818	0.0	6.5416317	0.0
15	89068300	89068301	1			16.3029	0.0	15.817198	0.0	7.5416317	0.0
15	95527878	95527879	1			15.322187	0.0	14.815078	0.0	6.5416317	0.0
15	95527971	95527972	1			15.473858	0.0	15.003739	0.0	7.5416317	0.0
15	95527978	95527979	1			15.454228	0.0	14.97744	0.0	7.5416317	0.0
15	98780615	98780616	1			16.181433	0.0	15.759936	0.0	7.2785974	0.0
15	98780773	98780774	1			16.234621	0.0	15.838228	0.0	7.7640243	0.0
15	98780779	98780780	1			16.240803	0.0	15.841357	0.0	7.7640243	0.0
15	98780782	98780783	1			16.24696	0.0	15.838228	0.0	7.7640243	0.0
15	98780817	98780818	1			16.125252	0.0	15.726487	0.0	7.7640243	0.0
15	98895041	98895042	1			16.388128	0.0	15.927287	0.0	7.5416317	0.0
15	98895289	98895290	1			16.751316	0.0	16.28527	0.0	7.5416317	0.0
15	98898261	98898262	1			16.604254	0.0	16.18212	0.0	7.5416317	0.0
15	100462104	100462105	1			16.78676	0.0	16.364964	0.0	7.9566693	0.0
15	100728625	100728626	1			16.268732	0.0	15.859986	0.0	6.9566693	0.0
15	102460331	102460332	1			16.549807	0.0	16.081644	0.0	8.4161005	0.0
15	102460354	102460355	1			16.613813	0.0	16.137854	0.0	8.4161005	0.0
16	4419191	4419192	1			16.730127	0.0	16.319324	0.0	6.9566693	0.0
16	9993045	9993046	1			15.276491	0.0	14.863068	0.0	6.9566693	0.0
16	9994229	9994230	1			15.079664	0.0	14.620006	0.0	5.9566693	0.0
16	9994255	9994256	1			14.966976	0.0	14.532392	0.0	4.9566693	0.0
16	9994912	9994913	1			15.600138	0.0	15.170558	0.0	6.9566693	0.0
16	9995609	9995610	1			15.944426	0.0	15.505034	0.0	6.5416317	0.0
16	9995620	9995621	1			15.97865	0.0	15.534969	0.0	6.5416317	0.0
16	9995630	9995631	1			15.943343	0.0	15.505034	0.0	6.5416317	0.0
16	11494994	11494995	1			16.387331	0.0	15.918427	0.0	7.5416317	0.0
16	18585751	18585752	1			15.714981	0.0	15.1837635	0.0	6.9566693	0.0
16	18588445	18588446	1			16.128115	0.0	15.717435	0.0	5.9566693	0.0
16	18588726	18588727	1			16.2293	0.0	15.905533	0.0	7.7640243	0.0
16	18588880	18588881	1			16.138557	0.0	15.753308	0.0	6.5416317	0.0
16	18588884	18588885	1			16.125252	0.0	15.749983	0.0	4.9566693	0.0
16	18588889	18588890	1			16.108929	0.0	15.735483	0.0	4.9566693	0.0
16	18588908	18588909	1			16.039698	0.0	15.634505	0.0	4.9566693	0.0
16	18624828	18624829	1			16.573793	0.0	16.107859	0.0	8.278597	0.0
16	20802302	20802303	1			15.951982	0.0	15.58186	0.0	8.126595	0.0
16	20804373	20804374	1			16.29952	0.0	15.783981	0.0	8.126595	0.0
16	20804402	20804403	1			16.285063	0.0	15.776374	0.0	8.126595	0.0
16	21205884	21205885	1			15.652753	0.0	15.217864	0.0	7.5416317	0.0
16	21205921	21205922	1			15.767312	0.0	15.32455	0.0	7.7640243	0.0
16	21247270	21247271	1			16.112787	0.0	15.657169	0.0	7.7640243	0.0
16	28596352	28596353	1			16.166664	0.0	15.652428	0.0	7.9566693	0.0
16	30171950	30171951	1			16.206919	0.0	15.756626	0.0	7.7640243	0.0
16	32696999	32697000	1			16.535507	0.0	16.065683	0.0	7.7640243	0.0
16	33755524	33755525	1			16.426601	0.0	15.96602	0.0	8.126595	0.0
16	33755533	33755534	1			16.498392	0.0	16.025908	0.0	8.126595	0.0
16	33755541	33755542	1			16.5116	0.0	16.059427	0.0	7.9566693	0.0
16	35156450	35156451	1			15.546958	0.0	15.090435	0.0	6.9566693	0.0
16	35156456	35156457	1			15.5709915	0.0	15.11132	0.0	7.2785974	0.0
16	35156527	35156528	1			15.627359	0.0	15.240158	0.0	6.5416317	0.0
16	35449625	35449626	1			16.12047	0.0	15.627274	0.0	6.5416317	0.0
16	44746673	44746674	1			16.414932	0.0	15.985946	0.0	7.9566693	0.0
16	58107088	58107089	1			16.479097	0.0	16.073685	0.0	8.278597	0.0
16	65815006	65815007	1			15.693248	0.0	15.2868	0.0	6.9566693	0.0
16	91447599	91447600	1			16.78676	0.0	16.329758	0.0	7.9566693	0.0
16	94123505	94123506	1			16.291035	0.0	15.869211	0.0	7.2785974	0.0
17	23743834	23743835	1			16.849945	0.0	16.407095	0.0	8.4161005	0.0
17	25568593	25568594	1			15.725097	0.0	15.22107	0.0	7.5416317	0.0
17	25867240	25867241	1			16.891518	0.0	16.464355	0.0	8.126595	0.0
17	26439060	26439061	1			16.327177	0.0	15.962193	0.0	7.7640243	0.0
17	26439069	26439070	1			16.380949	0.0	16.009314	0.0	8.126595	0.0
17	26439082	26439083	1			16.463322	0.0	16.093061	0.0	8.126595	0.0
17	26439139	26439140	1			16.414152	0.0	16.06479	0.0	8.764024	0.0
17	26439144	26439145	1			16.39448	0.0	16.048641	0.0	8.764024	0.0
17	26439179	26439180	1			16.399225	0.0	16.061218	0.0	8.278597	0.0
17	26439181	26439182	1			16.368095	0.0	16.020397	0.0	8.278597	0.0
17	26439269	26439270	1			16.467846	0.0	16.108725	0.0	7.5416317	0.0
17	28298325	28298326	1			15.894881	0.0	15.38868	0.0	5.9566693	0.0
17	28926372	28926373	1			16.505745	0.0	16.06479	0.0	7.7640243	0.0
17	29434835	29434836	1			16.10506	0.0	15.586839	0.0	6.5416317	0.0
17	29494637	29494638	1			16.910479	0.0	16.484505	0.0	7.7640243	0.0
17	32659592	32659593	1			16.418053	0.0	15.951616	0.0	7.2785974	0.0
17	34185742	34185743	1			16.658703	0.0	16.246466	0.0	7.2785974	0.0
17	35425290	35425291	1			17.337517	0.0	16.969837	0.0	8.956669	0.0
17	35425346	35425347	1			17.411022	0.0	17.053144	0.0	8.956669	0.0
17	35425376	35425377	1			16.975475	0.0	16.630894	0.0	8.657109	0.0
17	35425822	35425823	1			17.500603	0.0	17.030025	0.0	7.5416317	0.0
17	35439620	35439621	1			16.96164	0.0	16.524628	0.0	8.4161005	0.0
17	35439634	35439635	1			17.074728	0.0	16.647074	0.0	8.126595	0.0
17	35439648	35439649	1			17.127161	0.0	16.700882	0.0	7.9566693	0.0
17	35702277	35702278	1			16.142338	0.0	15.70375	0.0	7.5416317	0.0
17	36216209	36216210	1			16.18235	0.0	15.737723	0.0	7.5416317	0.0
17	36216216	36216217	1			16.191498	0.0	15.745537	0.0	7.5416317	0.0
17	36216219	36216220	1			16.190586	0.0	15.744423	0.0	7.5416317	0.0
17	36216241	36216242	1			16.117594	0.0	15.667782	0.0	7.7640243	0.0
17	36216394	36216395	1			16.10603	0.0	15.617575	0.0	6.9566693	0.0
17	41751583	41751584	1			15.126207	0.0	14.6630745	0.0	5.9566693	0.0
17	44129495	44129496	1			16.625336	0.0	16.22027	0.0	7.5416317	0.0
17	44476055	44476056	1			16.296131	0.0	15.843439	0.0	7.2785974	0.0
17	49435258	49435259	1			16.84067	0.0	16.479828	0.0	8.541632	0.0
17	56763026	56763027	1			14.954133	0.0	14.487836	0.0	6.9566693	0.0
17	62880466	62880467	1			14.473858	0.0	13.754415	0.0	4.9566693	0.0
17	62880471	62880472	1			14.529749	0.0	13.772009	0.0	4.9566693	0.0
17	62880473	62880474	1			14.529749	0.0	13.7893915	0.0	4.9566693	0.0
17	62880488	62880489	1			14.787966	0.0	14.126786	0.0	-6.643856	0.0
17	68841158	68841159	1			15.831922	0.0	15.402866	0.0	7.9566693	0.0
17	68841181	68841182	1			15.844735	0.0	15.374353	0.0	7.9566693	0.0
17	68841184	68841185	1			15.84821	0.0	15.385826	0.0	7.9566693	0.0
17	69076034	69076035	1			15.992325	0.0	15.515517	0.0	6.9566693	0.0
17	69439607	69439608	1			14.792783	0.0	14.23541	0.0	-6.643856	0.0
17	71986386	71986387	1			16.304588	0.0	15.855867	0.0	7.5416317	0.0
17	85621802	85621803	1			15.824884	0.0	15.398625	0.0	7.2785974	0.0
17	85822113	85822114	1			16.104092	0.0	15.693399	0.0	5.9566693	0.0
17	88791846	88791847	1			15.628707	0.0	15.140396	0.0	6.5416317	0.0
18	9213462	9213463	1			15.961639	0.0	15.546516	0.0	6.5416317	0.0
18	9213672	9213673	1			16.077692	0.0	15.628482	0.0	6.5416317	0.0
18	9213813	9213814	1			16.04071	0.0	15.5781145	0.0	5.9566693	0.0
18	9213823	9213824	1			16.036655	0.0	15.58186	0.0	6.5416317	0.0
18	9213836	9213837	1			16.00587	0.0	15.542678	0.0	6.5416317	0.0
18	9214905	9214906	1			16.21322	0.0	15.82354	0.0	7.5416317	0.0
18	9214913	9214914	1			16.214119	0.0	15.824594	0.0	7.7640243	0.0
18	9214918	9214919	1			16.219496	0.0	15.822484	0.0	7.5416317	0.0
18	9215030	9215031	1			16.491001	0.0	16.061218	0.0	7.2785974	0.0
18	9215036	9215037	1			16.437408	0.0	16.007458	0.0	7.2785974	0.0
18	10441000	10441001	1			-6.643856	0.0	-6.643856	0.0	6.5416317	0.0
18	22343957	22343958	1			15.573793	0.0	15.240158	0.0	6.5416317	0.0
18	22343961	22343962	1			15.598763	0.0	15.266773	0.0	6.5416317	0.0
18	22344063	22344064	1			15.5050125	0.0	15.102654	0.0	7.2785974	0.0
18	22344070	22344071	1			15.406315	0.0	15.009314	0.0	7.2785974	0.0
18	22344446	22344447	1			15.325516	0.0	14.950651	0.0	6.9566693	0.0
18	22344787	22344788	1			15.646113	0.0	15.093937	0.0	7.7640243	0.0
18	25753144	25753145	1			15.276491	0.0	14.754415	0.0	4.9566693	0.0
18	31939300	31939301	1			15.924811	0.0	15.519429	0.0	7.2785974	0.0
18	38703335	38703336	1			16.646778	0.0	16.194405	0.0	7.5416317	0.0
18	42395730	42395731	1			15.901587	0.0	15.402866	0.0	8.4161005	0.0
18	58209809	58209810	1			16.047781	0.0	15.573105	0.0	4.9566693	0.0
18	58209988	58209989	1			15.579379	0.0	15.140396	0.0	6.9566693	0.0
18	58210351	58210352	1			14.804756	0.0	14.28833	0.0	5.9566693	0.0
18	59175739	59175740	1			15.611089	0.0	15.198477	0.0	6.9566693	0.0
18	59175742	59175743	1			15.612452	0.0	15.187046	0.0	6.5416317	0.0
18	59175744	59175745	1			15.587719	0.0	15.178826	0.0	6.5416317	0.0
18	61036161	61036162	1			15.758721	0.0	15.333465	0.0	6.5416317	0.0
18	61036170	61036171	1			15.752553	0.0	15.323059	0.0	6.5416317	0.0
18	61036373	61036374	1			15.797585	0.0	15.407095	0.0	7.5416317	0.0
18	61036382	61036383	1			15.789172	0.0	15.404277	0.0	7.5416317	0.0
18	61036401	61036402	1			15.699674	0.0	15.314079	0.0	7.5416317	0.0
18	64345374	64345375	1			16.125252	0.0	15.605359	0.0	7.5416317	0.0
18	65501441	65501442	1			16.150805	0.0	15.692245	0.0	7.5416317	0.0
18	65505742	65505743	1			16.492483	0.0	16.035044	0.0	7.5416317	0.0
18	82545776	82545777	1			16.551228	0.0	16.10959	0.0	7.9566693	0.0
18	83051675	83051676	1			16.145164	0.0	15.642897	0.0	7.5416317	0.0
19	5071399	5071400	1			15.731382	0.0	15.23541	0.0	7.5416317	0.0
19	5742376	5742377	1			15.742629	0.0	15.436354	0.0	-6.643856	0.0
19	5742398	5742399	1			15.927004	0.0	15.600444	0.0	4.9566693	0.0
19	5742406	5742407	1			16.049793	0.0	15.743309	0.0	5.9566693	0.0
19	5742503	5742504	1			16.33875	0.0	16.000944	0.0	7.2785974	0.0
19	5751034	5751035	1			16.676405	0.0	16.196035	0.0	6.9566693	0.0
19	5751185	5751186	1			16.838343	0.0	16.400747	0.0	7.5416317	0.0
19	5751200	5751201	1			16.811892	0.0	16.36279	0.0	7.2785974	0.0
19	5756855	5756856	1			15.507944	0.0	14.944845	0.0	4.9566693	0.0
19	5756862	5756863	1			15.529749	0.0	14.950651	0.0	4.9566693	0.0
19	5756875	5756876	1			15.481337	0.0	14.9095125	0.0	4.9566693	0.0
19	5756878	5756879	1			15.473858	0.0	14.893527	0.0	4.9566693	0.0
19	6565364	6565365	1			15.958427	0.0	15.586839	0.0	6.9566693	0.0
19	6830086	6830087	1			16.09924	0.0	15.720837	0.0	8.126595	0.0
19	6830204	6830205	1			16.244324	0.0	15.892522	0.0	7.2785974	0.0
19	6830384	6830385	1			16.292736	0.0	15.868189	0.0	7.9566693	0.0
19	6830390	6830391	1			16.3029	0.0	15.871253	0.0	7.7640243	0.0
19	6830399	6830400	1			16.280785	0.0	15.869211	0.0	7.5416317	0.0
19	6830407	6830408	1			16.221283	0.0	15.820372	0.0	7.5416317	0.0
19	6934317	6934318	1			16.289331	0.0	15.83614	0.0	7.9566693	0.0
19	6995638	6995639	1			16.956282	0.0	16.568079	0.0	8.4161005	0.0
19	7096468	7096469	1			16.62466	0.0	16.168068	0.0	5.9566693	0.0
19	7423429	7423430	1			16.021345	0.0	15.599213	0.0	7.7640243	0.0
19	8965882	8965883	1			16.975475	0.0	16.48983	0.0	8.278597	0.0
19	16870601	16870602	1			16.02442	0.0	15.570594	0.0	6.9566693	0.0
19	18624451	18624452	1			16.958427	0.0	16.508318	0.0	8.278597	0.0
19	27217041	27217042	1			15.406315	0.0	14.921387	0.0	7.7640243	0.0
19	27217087	27217088	1			15.523967	0.0	15.100915	0.0	6.9566693	0.0
19	27217182	27217183	1			15.387332	0.0	14.9194145	0.0	6.5416317	0.0
19	27217192	27217193	1			15.340398	0.0	14.8671665	0.0	5.9566693	0.0
19	27217200	27217201	1			15.273048	0.0	14.82354	0.0	5.9566693	0.0
19	27217204	27217205	1			15.2539625	0.0	14.7958555	0.0	5.9566693	0.0
19	27217356	27217357	1			13.305431	0.0	12.772009	0.0	5.9566693	0.0
19	27217362	27217363	1			13.291885	0.0	12.754415	0.0	5.9566693	0.0
19	27217364	27217365	1			13.291885	0.0	12.763239	0.0	5.9566693	0.0
19	30451132	30451133	1			16.415714	0.0	16.000944	0.0	7.2785974	0.0
19	34746667	34746668	1			16.535507	0.0	16.16141	0.0	8.278597	0.0
19	37693237	37693238	1			16.206017	0.0	15.754415	0.0	8.126595	0.0
19	37693429	37693430	1			16.361626	0.0	15.903539	0.0	8.4161005	0.0
19	37697026	37697027	1			16.250465	0.0	15.814016	0.0	7.2785974	0.0
19	37918755	37918756	1			15.935741	0.0	15.525925	0.0	7.7640243	0.0
19	40487488	40487489	1			17.026978	0.0	16.652428	0.0	7.5416317	0.0
19	40487655	40487656	1			16.698391	0.0	16.255873	0.0	8.126595	0.0
19	40487657	40487658	1			16.676405	0.0	16.236994	0.0	8.126595	0.0
19	40487673	40487674	1			16.57938	0.0	16.142088	0.0	8.126595	0.0
19	42755650	42755651	1			16.53047	0.0	16.131054	0.0	8.657109	0.0
19	43601519	43601520	1			16.13382	0.0	15.684136	0.0	5.9566693	0.0
19	43833663	43833664	1			15.002756	0.0	14.570594	0.0	6.9566693	0.0
19	43833683	43833684	1			15.015176	0.0	14.5452385	0.0	6.9566693	0.0
19	43927382	43927383	1			16.269596	0.0	15.769821	0.0	7.2785974	0.0
19	44760660	44760661	1			15.579379	0.0	15.069245	0.0	6.5416317	0.0
19	45078654	45078655	1			16.516706	0.0	16.095684	0.0	7.5416317	0.0
19	56631595	56631596	1			16.272186	0.0	15.873292	0.0	5.9566693	0.0
19	61225504	61225505	1			15.147047	0.0	14.821428	0.0	7.5416317	0.0
19	61225523	61225524	1			15.186016	0.0	14.89754	0.0	7.5416317	0.0
19	61225535	61225536	1			15.176833	0.0	14.893527	0.0	7.5416317	0.0
19	61225625	61225626	1			15.025444	0.0	14.749983	0.0	6.5416317	0.0
19	61225630	61225631	1			15.03767	0.0	14.761038	0.0	6.5416317	0.0
19	61225643	61225644	1			15.027489	0.0	14.7163	0.0	6.5416317	0.0
19	61225646	61225647	1			15.03564	0.0	14.720837	0.0	6.9566693	0.0
19	61225696	61225697	1			14.872303	0.0	14.519429	0.0	6.5416317	0.0
19	61226250	61226251	1			15.644782	0.0	15.155556	0.0	6.5416317	0.0
19	61226979	61226980	1			14.876847	0.0	14.408502	0.0	4.9566693	0.0
