DataStore	Total Read Count	Forward Read Count	Reverse Read Count	Unknown Read Count	Mean Read Length	Total Read Length	Fold Coverage	Total Quantitation	Median Quantitation	Mean Quantitation	Valid Quantitations
01_BAT_r1_C_GRCm38_bismark_bt2_pe.nonCG_filtered.deduplicated.bismark.cov	311159	119676	191483	0	1	311159	1.1416426327146095E-4	7289.030806541443	5.5911665	5.492864	1327
01_BAT_r1_N_GRCm38_bismark_bt2_pe.nonCG_filtered.deduplicated.bismark.cov	415990	300457	115533	0	1	415990	1.526267659887551E-4	1489.8503761291504	1.1133761	1.1227207	1327
01_BAT_r1_X_GRCm38_bismark_bt2_pe.nonCG_filtered.deduplicated.bismark.cov	356617	170302	186315	0	1	356617	1.3084280729491542E-4	6637.59054017067	5.1879926	5.001952	1327
01_BAT_r2_C_GRCm38_bismark_bt2_pe.nonCG_filtered.deduplicated.bismark.cov	163206	72264	90942	0	1	163206	5.988029512719239E-5	7062.249547719955	5.422589	5.3219666	1327
01_BAT_r2_N_GRCm38_bismark_bt2_pe.nonCG_filtered.deduplicated.bismark.cov	283084	203875	79209	0	1	283084	1.0386354341008375E-4	2222.5660774707794	1.6686947	1.6748803	1327
01_BAT_r2_X_GRCm38_bismark_bt2_pe.nonCG_filtered.deduplicated.bismark.cov	197829	104596	93233	0	1	197829	7.258347673931928E-5	6304.289566278458	4.9226365	4.7507834	1327
01_BAT_r3_C_GRCm38_bismark_bt2_pe.nonCG_filtered.deduplicated.bismark.cov	183221	69965	113256	0	1	183221	6.722380031064615E-5	7404.602174043655	5.7702713	5.5799565	1327
01_BAT_r3_N_GRCm38_bismark_bt2_pe.nonCG_filtered.deduplicated.bismark.cov	278988	202070	76918	0	1	278988	1.0236072066557081E-4	2253.9251976013184	1.689722	1.6985118	1327
01_BAT_r3_X_GRCm38_bismark_bt2_pe.nonCG_filtered.deduplicated.bismark.cov	196794	87359	109435	0	1	196794	7.220373515226584E-5	7000.8431878089905	5.3452415	5.275692	1327
01_Blood_r1_C_GRCm38_bismark_bt2_pe.nonCG_filtered.deduplicated.bismark.cov	249303	119986	129317	0	1	249303	9.146929166877716E-5	7223.423848390579	5.58899	5.443424	1327
01_Blood_r1_N_GRCm38_bismark_bt2_pe.nonCG_filtered.deduplicated.bismark.cov	355210	285633	69577	0	1	355210	1.3032657887657322E-4	1784.7065682411194	1.3412528	1.3449183	1327
01_Blood_r1_X_GRCm38_bismark_bt2_pe.nonCG_filtered.deduplicated.bismark.cov	287232	163891	123341	0	1	287232	1.0538544495897041E-4	6515.6346962451935	5.1216397	4.910049	1327
01_Blood_r2_C_GRCm38_bismark_bt2_pe.nonCG_filtered.deduplicated.bismark.cov	90329	47191	43138	0	1	90329	3.314171769753662E-5	6827.293313026428	5.468667	5.1449084	1327
01_Blood_r2_N_GRCm38_bismark_bt2_pe.nonCG_filtered.deduplicated.bismark.cov	162705	131001	31704	0	1	162705	5.969647818505348E-5	3278.481353998184	2.4676664	2.4705963	1327
01_Blood_r2_X_GRCm38_bismark_bt2_pe.nonCG_filtered.deduplicated.bismark.cov	109808	67179	42629	0	1	109808	4.028856443590764E-5	6111.1334137916565	4.7719073	4.605225	1327
01_Blood_r3_C_GRCm38_bismark_bt2_pe.nonCG_filtered.deduplicated.bismark.cov	227741	115186	112555	0	1	227741	8.355819205520582E-5	7203.070044755936	5.593966	5.428086	1327
01_Blood_r3_N_GRCm38_bismark_bt2_pe.nonCG_filtered.deduplicated.bismark.cov	327484	263548	63936	0	1	327484	1.2015390714455027E-4	1942.662452697754	1.4585006	1.4639506	1327
01_Blood_r3_X_GRCm38_bismark_bt2_pe.nonCG_filtered.deduplicated.bismark.cov	248598	144506	104092	0	1	248598	9.121062710947988E-5	6618.73851275444	5.1780386	4.987746	1327
01_Liver_r1_C_GRCm38_bismark_bt2_pe.nonCG_filtered.deduplicated.bismark.cov	35384	16816	18568	0	1	35384	1.2982392576134305E-5	7397.488320827484	5.820759	5.5745955	1327
01_Liver_r1_N_GRCm38_bismark_bt2_pe.nonCG_filtered.deduplicated.bismark.cov	43495	31660	11835	0	1	43495	1.5958319158347322E-5	5800.473184585571	4.371003	4.3711176	1327
01_Liver_r1_X_GRCm38_bismark_bt2_pe.nonCG_filtered.deduplicated.bismark.cov	36904	20317	16587	0	1	36904	1.3540080703980907E-5	7043.530870914459	4.760079	5.3078604	1327
01_Liver_r2_C_GRCm38_bismark_bt2_pe.nonCG_filtered.deduplicated.bismark.cov	231494	109469	122025	0	1	231494	8.493516807086918E-5	7363.437737464905	5.6959157	5.548936	1327
01_Liver_r2_N_GRCm38_bismark_bt2_pe.nonCG_filtered.deduplicated.bismark.cov	330832	244381	86451	0	1	330832	1.2138228862614924E-4	1923.7095210552216	1.4438262	1.449668	1327
01_Liver_r2_X_GRCm38_bismark_bt2_pe.nonCG_filtered.deduplicated.bismark.cov	237624	122639	114985	0	1	237624	8.718426558646106E-5	6952.186956524849	5.3951755	5.2390256	1327
01_Liver_r3_C_GRCm38_bismark_bt2_pe.nonCG_filtered.deduplicated.bismark.cov	300494	145155	155339	0	1	300494	1.10251273874432E-4	7366.340473175049	5.734592	5.551123	1327
01_Liver_r3_N_GRCm38_bismark_bt2_pe.nonCG_filtered.deduplicated.bismark.cov	415515	306016	109499	0	1	415515	1.5245248844880302E-4	1491.3416765928268	1.1150244	1.1238445	1327
01_Liver_r3_X_GRCm38_bismark_bt2_pe.nonCG_filtered.deduplicated.bismark.cov	337072	183035	154037	0	1	337072	1.2367174515099318E-4	6819.755028963089	5.269311	5.1392274	1327
01_scAT_r1_C_GRCm38_bismark_bt2_pe.nonCG_filtered.deduplicated.bismark.cov	254373	120867	133506	0	1	254373	9.332947509521286E-5	6939.863555192947	5.434414	5.2297387	1327
01_scAT_r1_N_GRCm38_bismark_bt2_pe.nonCG_filtered.deduplicated.bismark.cov	386359	295582	90777	0	1	386359	1.4175514959650334E-4	1631.7096334695816	1.219983	1.229623	1327
01_scAT_r1_X_GRCm38_bismark_bt2_pe.nonCG_filtered.deduplicated.bismark.cov	287592	160506	127086	0	1	287592	1.0551752898924986E-4	6213.685702681541	4.7979045	4.682506	1327
01_scAT_r2_C_GRCm38_bismark_bt2_pe.nonCG_filtered.deduplicated.bismark.cov	116505	49977	66528	0	1	116505	4.274569429918967E-5	7021.187380075455	5.4234643	5.291023	1327
01_scAT_r2_N_GRCm38_bismark_bt2_pe.nonCG_filtered.deduplicated.bismark.cov	163831	125239	38592	0	1	163831	6.010960767976089E-5	3266.646150827408	2.4577167	2.4616776	1327
01_scAT_r2_X_GRCm38_bismark_bt2_pe.nonCG_filtered.deduplicated.bismark.cov	117006	56297	60709	0	1	117006	4.2929511241328584E-5	6713.09121799469	5.0953455	5.058848	1327
02_BAT_r1_C_GRCm38_bismark_bt2_pe.nonCG_filtered.deduplicated.bismark.cov	252685	97346	155339	0	1	252685	9.271014775323585E-5	7477.015744686127	5.791943	5.634526	1327
02_BAT_r1_N_GRCm38_bismark_bt2_pe.nonCG_filtered.deduplicated.bismark.cov	371118	268806	102312	0	1	371118	1.3616322541458884E-4	1703.7204849720001	1.278047	1.2838888	1327
02_BAT_r1_X_GRCm38_bismark_bt2_pe.nonCG_filtered.deduplicated.bismark.cov	304829	148059	156770	0	1	304829	1.1184178573904715E-4	6730.273145198822	5.1733594	5.071796	1327
02_BAT_r2_C_GRCm38_bismark_bt2_pe.nonCG_filtered.deduplicated.bismark.cov	188226	81580	106646	0	1	188226	6.906013523161473E-5	7006.813802957535	5.409462	5.2801914	1327
02_BAT_r2_N_GRCm38_bismark_bt2_pe.nonCG_filtered.deduplicated.bismark.cov	298630	214128	84502	0	1	298630	1.0956737211765169E-4	2118.240162730217	1.591566	1.5962623	1327
02_BAT_r2_X_GRCm38_bismark_bt2_pe.nonCG_filtered.deduplicated.bismark.cov	221242	113887	107355	0	1	221242	8.117370840857749E-5	6344.862535238266	4.983658	4.7813582	1327
02_BAT_r3_C_GRCm38_bismark_bt2_pe.nonCG_filtered.deduplicated.bismark.cov	243131	94118	149013	0	1	243131	8.920478434965266E-5	7408.584963679314	5.740634	5.5829577	1327
02_BAT_r3_N_GRCm38_bismark_bt2_pe.nonCG_filtered.deduplicated.bismark.cov	349322	253366	95956	0	1	349322	1.2816627118133586E-4	1822.4829281568527	1.3653675	1.3733858	1327
02_BAT_r3_X_GRCm38_bismark_bt2_pe.nonCG_filtered.deduplicated.bismark.cov	252784	114672	138112	0	1	252784	9.27464708615627E-5	7006.573602557182	5.4434547	5.28001	1327
02_Blood_r1_C_GRCm38_bismark_bt2_pe.nonCG_filtered.deduplicated.bismark.cov	209934	104192	105742	0	1	209934	7.702480225746607E-5	7267.056439638138	5.5739207	5.476305	1327
02_Blood_r1_N_GRCm38_bismark_bt2_pe.nonCG_filtered.deduplicated.bismark.cov	302339	235307	67032	0	1	302339	1.1092820452961423E-4	2094.000828742981	1.5737579	1.5779961	1327
02_Blood_r1_X_GRCm38_bismark_bt2_pe.nonCG_filtered.deduplicated.bismark.cov	243050	139564	103486	0	1	243050	8.917506544283979E-5	6620.471790552139	5.2106	4.989052	1327
02_Blood_r2_C_GRCm38_bismark_bt2_pe.nonCG_filtered.deduplicated.bismark.cov	172034	90903	81131	0	1	172034	6.311928906971199E-5	6904.632256269455	5.346589	5.2031894	1327
02_Blood_r2_N_GRCm38_bismark_bt2_pe.nonCG_filtered.deduplicated.bismark.cov	256894	200324	56570	0	1	256894	9.425443020725317E-5	2404.9257653951645	1.8087518	1.8123027	1327
02_Blood_r2_X_GRCm38_bismark_bt2_pe.nonCG_filtered.deduplicated.bismark.cov	190501	114461	76040	0	1	190501	6.989483292296409E-5	6200.975001335144	4.7140574	4.672928	1327
02_Blood_r3_C_GRCm38_bismark_bt2_pe.nonCG_filtered.deduplicated.bismark.cov	171659	88716	82943	0	1	171659	6.298170153817088E-5	7193.69962143898	5.5423827	5.421025	1327
02_Blood_r3_N_GRCm38_bismark_bt2_pe.nonCG_filtered.deduplicated.bismark.cov	257493	200804	56689	0	1	257493	9.447420335763483E-5	2408.6590675115585	1.8053918	1.815116	1327
02_Blood_r3_X_GRCm38_bismark_bt2_pe.nonCG_filtered.deduplicated.bismark.cov	194101	112952	81149	0	1	194101	7.121567322575867E-5	6619.852963685989	5.1724753	4.9885855	1327
02_Liver_r1_C_GRCm38_bismark_bt2_pe.nonCG_filtered.deduplicated.bismark.cov	69211	31448	37763	0	1	69211	2.5393521721309955E-5	7289.421283245087	5.852855	5.4931583	1327
02_Liver_r1_N_GRCm38_bismark_bt2_pe.nonCG_filtered.deduplicated.bismark.cov	113832	86162	27670	0	1	113832	4.176497037436469E-5	3960.290083885193	2.9830189	2.9843934	1327
02_Liver_r1_X_GRCm38_bismark_bt2_pe.nonCG_filtered.deduplicated.bismark.cov	87260	47770	39490	0	1	87260	3.2015701339404234E-5	6484.484624862671	5.103498	4.8865747	1327
02_Liver_r2_C_GRCm38_bismark_bt2_pe.nonCG_filtered.deduplicated.bismark.cov	159653	72764	86889	0	1	159653	5.857669912835096E-5	7273.334110021591	5.6469884	5.4810357	1327
02_Liver_r2_N_GRCm38_bismark_bt2_pe.nonCG_filtered.deduplicated.bismark.cov	221702	167939	53763	0	1	221702	8.134248244726791E-5	2690.28541636467	2.0213032	2.027344	1327
02_Liver_r2_X_GRCm38_bismark_bt2_pe.nonCG_filtered.deduplicated.bismark.cov	162382	82037	80345	0	1	162382	5.9577969457886075E-5	6927.89764380455	5.429891	5.2207217	1327
02_Liver_r3_C_GRCm38_bismark_bt2_pe.nonCG_filtered.deduplicated.bismark.cov	244311	112649	131662	0	1	244311	8.963772644890199E-5	7345.051214933395	5.6181717	5.53508	1327
02_Liver_r3_N_GRCm38_bismark_bt2_pe.nonCG_filtered.deduplicated.bismark.cov	361184	272342	88842	0	1	361184	1.32518439979044E-4	1756.7286471128464	1.317191	1.3238347	1327
02_Liver_r3_X_GRCm38_bismark_bt2_pe.nonCG_filtered.deduplicated.bismark.cov	280090	149155	130935	0	1	280090	1.027650445582596E-4	6765.575414419174	5.2954693	5.098399	1327
02_scAT_r1_C_GRCm38_bismark_bt2_pe.nonCG_filtered.deduplicated.bismark.cov	201700	97690	104010	0	1	201700	7.400374696490757E-5	6891.260227918625	5.309717	5.1931124	1327
02_scAT_r1_N_GRCm38_bismark_bt2_pe.nonCG_filtered.deduplicated.bismark.cov	314611	238527	76084	0	1	314611	1.1543080236180731E-4	2017.6123309135437	1.5163559	1.5204313	1327
02_scAT_r1_X_GRCm38_bismark_bt2_pe.nonCG_filtered.deduplicated.bismark.cov	235084	133109	101975	0	1	235084	8.625233937282266E-5	6160.267480373383	4.8961067	4.6422515	1327
02_scAT_r2_C_GRCm38_bismark_bt2_pe.nonCG_filtered.deduplicated.bismark.cov	179118	82083	97035	0	1	179118	6.571840926554444E-5	7207.507063865662	5.481018	5.4314294	1327
02_scAT_r2_N_GRCm38_bismark_bt2_pe.nonCG_filtered.deduplicated.bismark.cov	262665	201109	61556	0	1	262665	9.637181059264971E-5	2367.0902814865112	1.776701	1.7837907	1327
02_scAT_r2_X_GRCm38_bismark_bt2_pe.nonCG_filtered.deduplicated.bismark.cov	136941	68265	68676	0	1	136941	5.024366441805358E-5	6829.163902759552	5.1903014	5.146318	1327
03_BAT_r1_C_GRCm38_bismark_bt2_pe.nonCG_filtered.deduplicated.bismark.cov	203602	79319	124283	0	1	203602	7.470159092488405E-5	7262.7919001579285	5.6181045	5.473091	1327
03_BAT_r1_N_GRCm38_bismark_bt2_pe.nonCG_filtered.deduplicated.bismark.cov	281075	202150	78925	0	1	281075	1.0312644114110756E-4	2238.113043308258	1.6789697	1.6865962	1327
03_BAT_r1_X_GRCm38_bismark_bt2_pe.nonCG_filtered.deduplicated.bismark.cov	230947	111447	119500	0	1	230947	8.473447372486122E-5	6573.320660948753	5.1143665	4.95352	1327
03_BAT_r2_C_GRCm38_bismark_bt2_pe.nonCG_filtered.deduplicated.bismark.cov	112829	47496	65333	0	1	112829	4.1396969590002756E-5	6918.988080978394	5.4697185	5.2140074	1327
03_BAT_r2_N_GRCm38_bismark_bt2_pe.nonCG_filtered.deduplicated.bismark.cov	183971	128955	55016	0	1	183971	6.749897537372836E-5	3043.8309366703033	2.2904468	2.2937686	1327
03_BAT_r2_X_GRCm38_bismark_bt2_pe.nonCG_filtered.deduplicated.bismark.cov	135069	67878	67191	0	1	135069	4.9556827460600396E-5	6265.289533376694	4.8882318	4.7213936	1327
03_BAT_r3_C_GRCm38_bismark_bt2_pe.nonCG_filtered.deduplicated.bismark.cov	130347	50604	79743	0	1	130347	4.782432526343484E-5	7355.330947399139	5.7469254	5.5428267	1327
03_BAT_r3_N_GRCm38_bismark_bt2_pe.nonCG_filtered.deduplicated.bismark.cov	197986	143166	54820	0	1	197986	7.264108005252449E-5	2904.7546529769897	2.1845264	2.1889637	1327
03_BAT_r3_X_GRCm38_bismark_bt2_pe.nonCG_filtered.deduplicated.bismark.cov	135208	60939	74269	0	1	135208	4.960782657229163E-5	6952.319726467133	5.47171	5.2391257	1327
03_Blood_r1_C_GRCm38_bismark_bt2_pe.nonCG_filtered.deduplicated.bismark.cov	160921	85476	75445	0	1	160921	5.904192843500194E-5	7120.933923959732	5.6355753	5.36619	1327
03_Blood_r1_N_GRCm38_bismark_bt2_pe.nonCG_filtered.deduplicated.bismark.cov	256534	199888	56646	0	1	256534	9.412234617697372E-5	2406.394392132759	1.8107749	1.8134094	1327
03_Blood_r1_X_GRCm38_bismark_bt2_pe.nonCG_filtered.deduplicated.bismark.cov	186535	112699	73836	0	1	186535	6.84397071893854E-5	6397.719547510147	5.007444	4.8211904	1327
03_Blood_r2_C_GRCm38_bismark_bt2_pe.nonCG_filtered.deduplicated.bismark.cov	283723	155723	128000	0	1	283723	1.040979925638298E-4	6963.895482301712	5.4024076	5.247849	1327
03_Blood_r2_N_GRCm38_bismark_bt2_pe.nonCG_filtered.deduplicated.bismark.cov	468692	361964	106728	0	1	468692	1.7196313422149955E-4	1256.685208082199	0.9412849	0.9470122	1327
03_Blood_r2_X_GRCm38_bismark_bt2_pe.nonCG_filtered.deduplicated.bismark.cov	338589	206756	131833	0	1	338589	1.2422833257858746E-4	6253.277730464935	4.884321	4.712342	1327
03_Blood_r3_C_GRCm38_bismark_bt2_pe.nonCG_filtered.deduplicated.bismark.cov	217414	115490	101924	0	1	217414	7.976921488660592E-5	7124.269768476486	5.5234113	5.368704	1327
03_Blood_r3_N_GRCm38_bismark_bt2_pe.nonCG_filtered.deduplicated.bismark.cov	336799	261475	75324	0	1	336799	1.2357158142803126E-4	1889.5754699707031	1.4180372	1.4239453	1327
03_Blood_r3_X_GRCm38_bismark_bt2_pe.nonCG_filtered.deduplicated.bismark.cov	241872	142512	99360	0	1	241872	8.874285714375866E-5	6552.868054389954	5.047684	4.938107	1327
03_Liver_r1_C_GRCm38_bismark_bt2_pe.nonCG_filtered.deduplicated.bismark.cov	62320	27771	34549	0	1	62320	2.2865213241710658E-5	7208.90230512619	5.5891232	5.432481	1327
03_Liver_r1_N_GRCm38_bismark_bt2_pe.nonCG_filtered.deduplicated.bismark.cov	98182	74461	23721	0	1	98182	3.602298405804936E-5	4242.071436405182	3.1963944	3.196738	1327
03_Liver_r1_X_GRCm38_bismark_bt2_pe.nonCG_filtered.deduplicated.bismark.cov	75825	41064	34761	0	1	75825	2.782019887761089E-5	6561.037721395493	4.7211823	4.9442635	1327
03_Liver_r2_C_GRCm38_bismark_bt2_pe.nonCG_filtered.deduplicated.bismark.cov	190135	86763	103372	0	1	190135	6.976054749217998E-5	7375.896408319473	5.716832	5.5583243	1327
03_Liver_r2_N_GRCm38_bismark_bt2_pe.nonCG_filtered.deduplicated.bismark.cov	265547	202401	63146	0	1	265547	9.74292166350536E-5	2345.4790263175964	1.7609577	1.7675049	1327
03_Liver_r2_X_GRCm38_bismark_bt2_pe.nonCG_filtered.deduplicated.bismark.cov	191402	97685	93717	0	1	191402	7.022540989874685E-5	6961.633847475052	5.385322	5.246145	1327
03_Liver_r3_C_GRCm38_bismark_bt2_pe.nonCG_filtered.deduplicated.bismark.cov	131094	58534	72560	0	1	131094	4.809839962626472E-5	7157.6728303432465	5.5162888	5.3938756	1327
03_Liver_r3_N_GRCm38_bismark_bt2_pe.nonCG_filtered.deduplicated.bismark.cov	171525	129736	41789	0	1	171525	6.29325369269002E-5	3183.3048367500305	2.3915062	2.3988733	1327
03_Liver_r3_X_GRCm38_bismark_bt2_pe.nonCG_filtered.deduplicated.bismark.cov	141796	72720	69076	0	1	141796	5.202496432640572E-5	6609.35408949852	5.1400394	4.980674	1327
03_scAT_r1_C_GRCm38_bismark_bt2_pe.nonCG_filtered.deduplicated.bismark.cov	180443	91612	88831	0	1	180443	6.620455187698967E-5	6763.708614826202	5.27774	5.096992	1327
03_scAT_r1_N_GRCm38_bismark_bt2_pe.nonCG_filtered.deduplicated.bismark.cov	302491	233645	68846	0	1	302491	1.1098397334239889E-4	2093.038558959961	1.5730327	1.577271	1327
03_scAT_r1_X_GRCm38_bismark_bt2_pe.nonCG_filtered.deduplicated.bismark.cov	211936	124072	87864	0	1	211936	7.77593362258535E-5	6036.2424964904785	4.823262	4.5487885	1327
03_scAT_r2_C_GRCm38_bismark_bt2_pe.nonCG_filtered.deduplicated.bismark.cov	135125	58205	76920	0	1	135125	4.957737386531054E-5	7222.4137988090515	5.6949883	5.442663	1327
03_scAT_r2_N_GRCm38_bismark_bt2_pe.nonCG_filtered.deduplicated.bismark.cov	197401	152052	45349	0	1	197401	7.242644350332037E-5	2909.8518319129944	2.1887956	2.1928048	1327
03_scAT_r2_X_GRCm38_bismark_bt2_pe.nonCG_filtered.deduplicated.bismark.cov	138745	69002	69743	0	1	138745	5.090555216978731E-5	6827.539371728897	5.4344544	5.145094	1327
04_BAT_r1_C_GRCm38_bismark_bt2_pe.nonCG_filtered.deduplicated.bismark.cov	142962	53787	89175	0	1	142962	5.245276982447752E-5	7266.782521486282	5.6136513	5.4760985	1327
04_BAT_r1_N_GRCm38_bismark_bt2_pe.nonCG_filtered.deduplicated.bismark.cov	184940	135375	49565	0	1	184940	6.785450155523057E-5	3034.077492713928	2.2828677	2.2864187	1327
04_BAT_r1_X_GRCm38_bismark_bt2_pe.nonCG_filtered.deduplicated.bismark.cov	156610	74845	81765	0	1	156610	5.746022217240543E-5	6565.895573377609	4.99668	4.947924	1327
04_BAT_r2_C_GRCm38_bismark_bt2_pe.nonCG_filtered.deduplicated.bismark.cov	169015	70283	98732	0	1	169015	6.201161771578508E-5	7092.560025691986	5.372132	5.3448076	1327
04_BAT_r2_N_GRCm38_bismark_bt2_pe.nonCG_filtered.deduplicated.bismark.cov	260126	188637	71489	0	1	260126	9.544025127909543E-5	2386.1819927692413	1.7907143	1.7981778	1327
04_BAT_r2_X_GRCm38_bismark_bt2_pe.nonCG_filtered.deduplicated.bismark.cov	196234	99499	96735	0	1	196234	7.199827110516447E-5	6415.32852435112	4.9343157	4.8344603	1327
04_BAT_r3_C_GRCm38_bismark_bt2_pe.nonCG_filtered.deduplicated.bismark.cov	162828	64145	98683	0	1	162828	5.9741606895398956E-5	7330.392449855804	5.6185794	5.5240335	1327
04_BAT_r3_N_GRCm38_bismark_bt2_pe.nonCG_filtered.deduplicated.bismark.cov	245289	180470	64819	0	1	245289	8.999655473116119E-5	2499.3122049570084	1.8754424	1.8834305	1327
04_BAT_r3_X_GRCm38_bismark_bt2_pe.nonCG_filtered.deduplicated.bismark.cov	169255	77721	91534	0	1	169255	6.20996737359714E-5	6920.588010787964	5.370085	5.2152133	1327
04_Blood_r1_C_GRCm38_bismark_bt2_pe.nonCG_filtered.deduplicated.bismark.cov	117334	62752	54582	0	1	117334	4.3049854468916535E-5	7138.130004405975	5.6762695	5.3791485	1327
04_Blood_r1_N_GRCm38_bismark_bt2_pe.nonCG_filtered.deduplicated.bismark.cov	180381	144625	35756	0	1	180381	6.618180407177487E-5	3081.102783203125	2.3188777	2.321856	1327
04_Blood_r1_X_GRCm38_bismark_bt2_pe.nonCG_filtered.deduplicated.bismark.cov	138554	85398	53156	0	1	138554	5.083547425372238E-5	6451.582953214645	4.8514795	4.8617806	1327
04_Blood_r2_C_GRCm38_bismark_bt2_pe.nonCG_filtered.deduplicated.bismark.cov	272142	146483	125659	0	1	272142	9.984892268975645E-5	6988.978402137756	5.4625306	5.266751	1327
04_Blood_r2_N_GRCm38_bismark_bt2_pe.nonCG_filtered.deduplicated.bismark.cov	426207	338212	87995	0	1	426207	1.5637538414810291E-4	1438.1420494318008	1.0783707	1.0837544	1327
04_Blood_r2_X_GRCm38_bismark_bt2_pe.nonCG_filtered.deduplicated.bismark.cov	311736	189929	121807	0	1	311736	1.143759646199922E-4	6300.807950615883	4.8515286	4.74816	1327
04_Blood_r3_C_GRCm38_bismark_bt2_pe.nonCG_filtered.deduplicated.bismark.cov	235393	123444	111949	0	1	235393	8.636571149881253E-5	7162.921500444412	5.5462885	5.397831	1327
04_Blood_r3_N_GRCm38_bismark_bt2_pe.nonCG_filtered.deduplicated.bismark.cov	365164	291762	73402	0	1	365164	1.3397870231380023E-4	1735.4439628124237	1.3013804	1.307795	1327
04_Blood_r3_X_GRCm38_bismark_bt2_pe.nonCG_filtered.deduplicated.bismark.cov	261285	155859	105426	0	1	261285	9.586548847657846E-5	6564.5237139463425	5.106229	4.9468904	1327
04_Liver_r1_C_GRCm38_bismark_bt2_pe.nonCG_filtered.deduplicated.bismark.cov	67930	30268	37662	0	1	67930	2.492352271356555E-5	7178.2075045108795	5.46477	5.40935	1327
04_Liver_r1_N_GRCm38_bismark_bt2_pe.nonCG_filtered.deduplicated.bismark.cov	91781	70556	21225	0	1	91781	3.367445661966377E-5	4374.483633518219	3.2936575	3.2965212	1327
04_Liver_r1_X_GRCm38_bismark_bt2_pe.nonCG_filtered.deduplicated.bismark.cov	77829	41089	36740	0	1	77829	2.855546664616654E-5	6582.019488096237	5.268511	4.960075	1327
04_Liver_r2_C_GRCm38_bismark_bt2_pe.nonCG_filtered.deduplicated.bismark.cov	192366	87738	104628	0	1	192366	7.057910157982851E-5	7379.661670446396	5.700002	5.561162	1327
04_Liver_r2_N_GRCm38_bismark_bt2_pe.nonCG_filtered.deduplicated.bismark.cov	275042	214268	60774	0	1	275042	1.0091293293367431E-4	2277.1324598789215	1.710273	1.7160003	1327
04_Liver_r2_X_GRCm38_bismark_bt2_pe.nonCG_filtered.deduplicated.bismark.cov	199323	103635	95688	0	1	199323	7.313162546497903E-5	6957.140430927277	5.32682	5.2427583	1327
04_Liver_r3_C_GRCm38_bismark_bt2_pe.nonCG_filtered.deduplicated.bismark.cov	216207	99907	116300	0	1	216207	7.932636648508563E-5	7283.056062459946	5.6689463	5.488362	1327
04_Liver_r3_N_GRCm38_bismark_bt2_pe.nonCG_filtered.deduplicated.bismark.cov	310657	240030	70627	0	1	310657	1.1398007942923793E-4	2048.0175540447235	1.5346024	1.543344	1327
04_Liver_r3_X_GRCm38_bismark_bt2_pe.nonCG_filtered.deduplicated.bismark.cov	176063	93555	82508	0	1	176063	6.45975295085896E-5	6785.610670566559	5.3131914	5.1134973	1327
04_scAT_r1_C_GRCm38_bismark_bt2_pe.nonCG_filtered.deduplicated.bismark.cov	256213	126043	130170	0	1	256213	9.400457124997453E-5	6995.108549118042	5.424016	5.2713704	1327
04_scAT_r1_N_GRCm38_bismark_bt2_pe.nonCG_filtered.deduplicated.bismark.cov	428599	322889	105710	0	1	428599	1.572530091492931E-4	1429.8596820831299	1.0702965	1.077513	1327
04_scAT_r1_X_GRCm38_bismark_bt2_pe.nonCG_filtered.deduplicated.bismark.cov	307650	177115	130535	0	1	307650	1.1287681087632035E-4	6214.311817169189	4.870563	4.682978	1327
04_scAT_r2_C_GRCm38_bismark_bt2_pe.nonCG_filtered.deduplicated.bismark.cov	115781	53954	61827	0	1	115781	4.2480058638294314E-5	7206.193193435669	5.695492	5.4304395	1327
04_scAT_r2_N_GRCm38_bismark_bt2_pe.nonCG_filtered.deduplicated.bismark.cov	174199	132625	41574	0	1	174199	6.391362775180928E-5	3147.561275243759	2.3691885	2.3719378	1327
04_scAT_r2_X_GRCm38_bismark_bt2_pe.nonCG_filtered.deduplicated.bismark.cov	119397	61771	57626	0	1	119397	4.380676934243465E-5	6806.871528148651	5.3880897	5.129519	1327
05_BAT_r1_C_GRCm38_bismark_bt2_pe.nonCG_filtered.deduplicated.bismark.cov	63724	27072	36652	0	1	63724	2.3380340959800544E-5	7160.279340028763	5.556982	5.3958397	1327
05_BAT_r1_N_GRCm38_bismark_bt2_pe.nonCG_filtered.deduplicated.bismark.cov	87481	64494	22987	0	1	87481	3.209678625799246E-5	4465.8902451992035	3.3628833	3.3654034	1327
05_BAT_r1_X_GRCm38_bismark_bt2_pe.nonCG_filtered.deduplicated.bismark.cov	72697	36887	35810	0	1	72697	2.6672535414516042E-5	6539.903206348419	4.7819605	4.928337	1327
05_BAT_r2_C_GRCm38_bismark_bt2_pe.nonCG_filtered.deduplicated.bismark.cov	100322	47081	53241	0	1	100322	3.680815023804391E-5	6984.6414270401	5.3172903	5.2634826	1327
05_BAT_r2_N_GRCm38_bismark_bt2_pe.nonCG_filtered.deduplicated.bismark.cov	179466	131684	47782	0	1	179466	6.584609049481458E-5	3091.294798851013	2.3262146	2.3295364	1327
05_BAT_r2_X_GRCm38_bismark_bt2_pe.nonCG_filtered.deduplicated.bismark.cov	120224	67201	53023	0	1	120224	4.411019571199329E-5	6190.6238696575165	4.6411657	4.6651273	1327
05_BAT_r3_C_GRCm38_bismark_bt2_pe.nonCG_filtered.deduplicated.bismark.cov	39357	16572	22785	0	1	39357	1.4440086610301771E-5	7419.915678024292	5.667236	5.5914965	1327
05_BAT_r3_N_GRCm38_bismark_bt2_pe.nonCG_filtered.deduplicated.bismark.cov	54614	40214	14400	0	1	54614	2.0037881193562033E-5	5365.722386837006	4.042582	4.0434985	1327
05_BAT_r3_X_GRCm38_bismark_bt2_pe.nonCG_filtered.deduplicated.bismark.cov	39053	18300	20753	0	1	39053	1.432854898473245E-5	7188.940920829773	5.678423	5.4174385	1327
05_Blood_r1_C_GRCm38_bismark_bt2_pe.nonCG_filtered.deduplicated.bismark.cov	86521	43458	43063	0	1	86521	3.174456217724724E-5	7152.362574338913	5.530806	5.389874	1327
05_Blood_r1_N_GRCm38_bismark_bt2_pe.nonCG_filtered.deduplicated.bismark.cov	164671	132914	31757	0	1	164671	6.041780375041296E-5	3254.8790578842163	2.4503384	2.45281	1327
05_Blood_r1_X_GRCm38_bismark_bt2_pe.nonCG_filtered.deduplicated.bismark.cov	109184	65518	43666	0	1	109184	4.005961878342324E-5	6305.9045169353485	4.780129	4.7520003	1327
05_Blood_r2_C_GRCm38_bismark_bt2_pe.nonCG_filtered.deduplicated.bismark.cov	99233	53987	45246	0	1	99233	3.6408596046448554E-5	6866.991707324982	5.333036	5.174824	1327
05_Blood_r2_N_GRCm38_bismark_bt2_pe.nonCG_filtered.deduplicated.bismark.cov	207448	166642	40806	0	1	207448	7.611268864836959E-5	2811.9234132766724	2.117175	2.1190078	1327
05_Blood_r2_X_GRCm38_bismark_bt2_pe.nonCG_filtered.deduplicated.bismark.cov	126850	79011	47839	0	1	126850	4.654127566930355E-5	6029.978540420532	4.563767	4.5440683	1327
05_Blood_r3_C_GRCm38_bismark_bt2_pe.nonCG_filtered.deduplicated.bismark.cov	155655	79331	76324	0	1	155655	5.7109832592080754E-5	7147.567381620407	5.490931	5.3862605	1327
05_Blood_r3_N_GRCm38_bismark_bt2_pe.nonCG_filtered.deduplicated.bismark.cov	249926	200494	49432	0	1	249926	9.169787042117744E-5	2459.394886493683	1.8484241	1.8533496	1327
05_Blood_r3_X_GRCm38_bismark_bt2_pe.nonCG_filtered.deduplicated.bismark.cov	173067	100864	72203	0	1	173067	6.349829685659721E-5	6558.509410381317	5.11556	4.9423585	1327
05_Liver_r1_C_GRCm38_bismark_bt2_pe.nonCG_filtered.deduplicated.bismark.cov	80904	35803	45101	0	1	80904	2.968368440480358E-5	7217.797047615051	5.627645	5.4391837	1327
05_Liver_r1_N_GRCm38_bismark_bt2_pe.nonCG_filtered.deduplicated.bismark.cov	128409	97827	30582	0	1	128409	4.7113272900430424E-5	3732.6444039344788	2.8091788	2.8128443	1327
05_Liver_r1_X_GRCm38_bismark_bt2_pe.nonCG_filtered.deduplicated.bismark.cov	100677	54739	45938	0	1	100677	3.693839976790282E-5	6447.908488035202	4.8971562	4.8590117	1327
05_Liver_r2_C_GRCm38_bismark_bt2_pe.nonCG_filtered.deduplicated.bismark.cov	210178	90797	119381	0	1	210178	7.711432587798881E-5	7376.73098897934	5.709748	5.5589533	1327
05_Liver_r2_N_GRCm38_bismark_bt2_pe.nonCG_filtered.deduplicated.bismark.cov	313753	240671	73082	0	1	313753	1.1511600208964127E-4	2028.552787065506	1.5202959	1.5286758	1327
05_Liver_r2_X_GRCm38_bismark_bt2_pe.nonCG_filtered.deduplicated.bismark.cov	220081	109179	110902	0	1	220081	8.074773741092624E-5	6942.16369843483	5.3538184	5.2314725	1327
05_Liver_r3_C_GRCm38_bismark_bt2_pe.nonCG_filtered.deduplicated.bismark.cov	196426	89535	106891	0	1	196426	7.20687159213135E-5	7287.4776883125305	5.6698704	5.491694	1327
05_Liver_r3_N_GRCm38_bismark_bt2_pe.nonCG_filtered.deduplicated.bismark.cov	292510	223167	69343	0	1	292510	1.073219436029009E-4	2159.7056945562363	1.621439	1.62751	1327
05_Liver_r3_X_GRCm38_bismark_bt2_pe.nonCG_filtered.deduplicated.bismark.cov	217354	117366	99988	0	1	217354	7.974720088155935E-5	6659.350065231323	5.2018814	5.0183496	1327
05_scAT_r1_C_GRCm38_bismark_bt2_pe.nonCG_filtered.deduplicated.bismark.cov	277955	131257	146698	0	1	277955	1.0198171287868559E-4	6826.273224949837	5.3065085	5.14414	1327
05_scAT_r1_N_GRCm38_bismark_bt2_pe.nonCG_filtered.deduplicated.bismark.cov	445644	346014	99630	0	1	445644	1.6350682108294133E-4	1361.2384757995605	1.0140333	1.0258014	1327
05_scAT_r1_X_GRCm38_bismark_bt2_pe.nonCG_filtered.deduplicated.bismark.cov	319886	180737	139149	0	1	319886	1.1736620030548548E-4	6104.038150668144	4.8142953	4.599878	1327
05_scAT_r2_C_GRCm38_bismark_bt2_pe.nonCG_filtered.deduplicated.bismark.cov	152921	65276	87645	0	1	152921	5.610672776212509E-5	7083.692826509476	5.5164967	5.3381257	1327
05_scAT_r2_N_GRCm38_bismark_bt2_pe.nonCG_filtered.deduplicated.bismark.cov	220602	172057	48545	0	1	220602	8.093889235474735E-5	2696.8958473205566	2.028479	2.0323255	1327
05_scAT_r2_X_GRCm38_bismark_bt2_pe.nonCG_filtered.deduplicated.bismark.cov	156150	76072	80078	0	1	156150	5.729144813371501E-5	6680.943158149719	5.263958	5.0346217	1327
05_scAT_r3_C_GRCm38_bismark_bt2_pe.nonCG_filtered.deduplicated.bismark.cov	157546	70563	86983	0	1	157546	5.780364065113202E-5	7010.165858030319	5.47351	5.282717	1327
05_scAT_r3_N_GRCm38_bismark_bt2_pe.nonCG_filtered.deduplicated.bismark.cov	224619	174711	49908	0	1	224619	8.241272999261563E-5	2666.84464430809	2.002445	2.0096796	1327
05_scAT_r3_X_GRCm38_bismark_bt2_pe.nonCG_filtered.deduplicated.bismark.cov	174739	92573	82166	0	1	174739	6.411175379722848E-5	6427.904466867447	5.101689	4.843937	1327
06_BAT_r1_C_GRCm38_bismark_bt2_pe.nonCG_filtered.deduplicated.bismark.cov	172750	67848	104902	0	1	172750	6.338198952993447E-5	7229.8177127838135	5.5332427	5.4482427	1327
06_BAT_r1_N_GRCm38_bismark_bt2_pe.nonCG_filtered.deduplicated.bismark.cov	245969	178716	67253	0	1	245969	9.024604678835573E-5	2489.4924668073654	1.8714486	1.8760304	1327
06_BAT_r1_X_GRCm38_bismark_bt2_pe.nonCG_filtered.deduplicated.bismark.cov	202012	98223	103789	0	1	202012	7.411821979114977E-5	6580.200154304504	5.114842	4.958704	1327
06_BAT_r2_C_GRCm38_bismark_bt2_pe.nonCG_filtered.deduplicated.bismark.cov	151046	65157	85889	0	1	151046	5.541879010441958E-5	7052.537879943848	5.534295	5.314648	1327
06_BAT_r2_N_GRCm38_bismark_bt2_pe.nonCG_filtered.deduplicated.bismark.cov	268975	193278	75697	0	1	268975	9.868695012338132E-5	2318.7710762023926	1.7424529	1.7473783	1327
06_BAT_r2_X_GRCm38_bismark_bt2_pe.nonCG_filtered.deduplicated.bismark.cov	188510	98783	89727	0	1	188510	6.916433485550186E-5	6248.516537904739	4.9922495	4.708754	1327
06_BAT_r3_C_GRCm38_bismark_bt2_pe.nonCG_filtered.deduplicated.bismark.cov	87323	34141	53182	0	1	87323	3.203881604470314E-5	7388.3088047504425	5.8394227	5.567678	1327
06_BAT_r3_N_GRCm38_bismark_bt2_pe.nonCG_filtered.deduplicated.bismark.cov	143761	103994	39767	0	1	143761	5.2745922991681095E-5	3514.9213099479675	2.6462526	2.6487727	1327
06_BAT_r3_X_GRCm38_bismark_bt2_pe.nonCG_filtered.deduplicated.bismark.cov	90416	41626	48790	0	1	90416	3.317363800485415E-5	6933.618046283722	5.467278	5.2250323	1327
06_Blood_r1_C_GRCm38_bismark_bt2_pe.nonCG_filtered.deduplicated.bismark.cov	162046	80018	82028	0	1	162046	5.945469102962524E-5	7356.477180480957	5.6255245	5.54369	1327
06_Blood_r1_N_GRCm38_bismark_bt2_pe.nonCG_filtered.deduplicated.bismark.cov	262495	212890	49605	0	1	262495	9.630943757835108E-5	2363.0257017612457	1.777635	1.7807277	1327
06_Blood_r1_X_GRCm38_bismark_bt2_pe.nonCG_filtered.deduplicated.bismark.cov	197476	115972	81504	0	1	197476	7.24539610096286E-5	6580.139356374741	5.147606	4.958658	1327
06_Blood_r2_C_GRCm38_bismark_bt2_pe.nonCG_filtered.deduplicated.bismark.cov	64139	34108	30031	0	1	64139	2.3532604494706032E-5	6850.465814113617	4.962654	5.1623707	1327
06_Blood_r2_N_GRCm38_bismark_bt2_pe.nonCG_filtered.deduplicated.bismark.cov	117053	95218	21835	0	1	117053	4.294675554528173E-5	3907.022660255432	2.942763	2.9442523	1327
06_Blood_r2_X_GRCm38_bismark_bt2_pe.nonCG_filtered.deduplicated.bismark.cov	74623	46304	28319	0	1	74623	2.7379184976511142E-5	6190.162556648254	4.7442355	4.6647797	1327
06_Blood_r3_C_GRCm38_bismark_bt2_pe.nonCG_filtered.deduplicated.bismark.cov	63719	33174	30545	0	1	63719	2.3378506459379997E-5	6994.225621461868	5.557095	5.270705	1327
06_Blood_r3_N_GRCm38_bismark_bt2_pe.nonCG_filtered.deduplicated.bismark.cov	106792	86914	19878	0	1	106792	3.918199378223306E-5	4081.7501227855682	3.0751214	3.0759232	1327
06_Blood_r3_X_GRCm38_bismark_bt2_pe.nonCG_filtered.deduplicated.bismark.cov	70996	43064	27932	0	1	70996	2.60484383714456E-5	6495.72832608223	4.8161187	4.8950477	1327
06_Liver_r1_C_GRCm38_bismark_bt2_pe.nonCG_filtered.deduplicated.bismark.cov	92596	39906	52690	0	1	92596	3.3973480188213094E-5	7333.771872282028	5.754834	5.5265803	1327
06_Liver_r1_N_GRCm38_bismark_bt2_pe.nonCG_filtered.deduplicated.bismark.cov	142459	108507	33952	0	1	142459	5.226821908217039E-5	3532.7310461997986	2.6593783	2.6621938	1327
06_Liver_r1_X_GRCm38_bismark_bt2_pe.nonCG_filtered.deduplicated.bismark.cov	112606	59647	52959	0	1	112606	4.1315150871246316E-5	6587.094593763351	5.1506443	4.9638996	1327
06_Liver_r2_C_GRCm38_bismark_bt2_pe.nonCG_filtered.deduplicated.bismark.cov	166462	72736	93726	0	1	166462	6.107492180105327E-5	7474.67636680603	5.7566605	5.632763	1327
06_Liver_r2_N_GRCm38_bismark_bt2_pe.nonCG_filtered.deduplicated.bismark.cov	277880	212120	65760	0	1	277880	1.0195419537237737E-4	2259.5435116291046	1.695463	1.7027457	1327
06_Liver_r2_X_GRCm38_bismark_bt2_pe.nonCG_filtered.deduplicated.bismark.cov	179025	90613	88412	0	1	179025	6.568428755772225E-5	7002.460946559906	5.481767	5.2769113	1327
06_Liver_r3_C_GRCm38_bismark_bt2_pe.nonCG_filtered.deduplicated.bismark.cov	168354	75418	92936	0	1	168354	6.176909676018864E-5	7288.458049535751	5.57043	5.4924326	1327
06_Liver_r3_N_GRCm38_bismark_bt2_pe.nonCG_filtered.deduplicated.bismark.cov	248814	188365	60449	0	1	248814	9.128987752764755E-5	2469.779804110527	1.8548573	1.8611754	1327
06_Liver_r3_X_GRCm38_bismark_bt2_pe.nonCG_filtered.deduplicated.bismark.cov	191460	100401	91059	0	1	191460	7.02466901036252E-5	6735.836207866669	5.1922398	5.0759883	1327
06_scAT_r1_C_GRCm38_bismark_bt2_pe.nonCG_filtered.deduplicated.bismark.cov	193290	93168	100122	0	1	193290	7.091811725754578E-5	6798.481903553009	5.3711615	5.1231966	1327
06_scAT_r1_N_GRCm38_bismark_bt2_pe.nonCG_filtered.deduplicated.bismark.cov	307923	236104	71819	0	1	307923	1.1297697459928227E-4	2060.876606464386	1.5473553	1.5530344	1327
06_scAT_r1_X_GRCm38_bismark_bt2_pe.nonCG_filtered.deduplicated.bismark.cov	216872	122595	94277	0	1	216872	7.957035504101852E-5	6078.387188434601	4.7900467	4.580548	1327
06_scAT_r2_C_GRCm38_bismark_bt2_pe.nonCG_filtered.deduplicated.bismark.cov	213831	89586	124245	0	1	213831	7.84546118852412E-5	7210.409229278564	5.6848884	5.4336166	1327
06_scAT_r2_N_GRCm38_bismark_bt2_pe.nonCG_filtered.deduplicated.bismark.cov	301697	231338	70359	0	1	301697	1.1069265467561586E-4	2100.8944799900055	1.5768247	1.583191	1327
06_scAT_r2_X_GRCm38_bismark_bt2_pe.nonCG_filtered.deduplicated.bismark.cov	215778	104125	111653	0	1	215778	7.91689663490026E-5	6791.12825345993	5.2123804	5.1176553	1327
06_scAT_r3_C_GRCm38_bismark_bt2_pe.nonCG_filtered.deduplicated.bismark.cov	270084	118394	151690	0	1	270084	9.909384231665888E-5	7087.6125638484955	5.473482	5.3410797	1327
06_scAT_r3_N_GRCm38_bismark_bt2_pe.nonCG_filtered.deduplicated.bismark.cov	389598	297251	92347	0	1	389598	1.4294353896893435E-4	1612.5989484786987	1.2079388	1.2152215	1327
06_scAT_r3_X_GRCm38_bismark_bt2_pe.nonCG_filtered.deduplicated.bismark.cov	296854	152028	144826	0	1	296854	1.0891575756827304E-4	6555.473281264305	5.0741024	4.94007	1327
07_BAT_r1_C_GRCm38_bismark_bt2_pe.nonCG_filtered.deduplicated.bismark.cov	147828	62001	85827	0	1	147828	5.423810563375486E-5	7091.1951768398285	5.5653634	5.3437796	1327
07_BAT_r1_N_GRCm38_bismark_bt2_pe.nonCG_filtered.deduplicated.bismark.cov	211039	155255	55784	0	1	211039	7.743022685040717E-5	2780.739228963852	2.0924153	2.095508	1327
07_BAT_r1_X_GRCm38_bismark_bt2_pe.nonCG_filtered.deduplicated.bismark.cov	167199	85453	81746	0	1	167199	6.134532716304205E-5	6467.389100551605	4.90229	4.873692	1327
07_BAT_r2_C_GRCm38_bismark_bt2_pe.nonCG_filtered.deduplicated.bismark.cov	262128	112568	149560	0	1	262128	9.617478524748285E-5	7106.026547670364	5.516619	5.354956	1327
07_BAT_r2_N_GRCm38_bismark_bt2_pe.nonCG_filtered.deduplicated.bismark.cov	416698	303815	112883	0	1	416698	1.5288653124830468E-4	1493.0030491352081	1.1109229	1.1250964	1327
07_BAT_r2_X_GRCm38_bismark_bt2_pe.nonCG_filtered.deduplicated.bismark.cov	306270	159388	146882	0	1	306270	1.123704887602491E-4	6410.631496191025	4.877049	4.8309207	1327
07_BAT_r3_C_GRCm38_bismark_bt2_pe.nonCG_filtered.deduplicated.bismark.cov	41866	15855	26011	0	1	41866	1.5360638921332774E-5	7466.168566226959	5.578077	5.6263514	1327
07_BAT_r3_N_GRCm38_bismark_bt2_pe.nonCG_filtered.deduplicated.bismark.cov	70524	52334	18190	0	1	70524	2.5875261531745867E-5	4876.571625709534	3.673739	3.6748843	1327
07_BAT_r3_X_GRCm38_bismark_bt2_pe.nonCG_filtered.deduplicated.bismark.cov	46983	20908	26075	0	1	46983	1.7238066651721628E-5	7046.6389355659485	5.4117174	5.3102026	1327
07_Blood_r1_C_GRCm38_bismark_bt2_pe.nonCG_filtered.deduplicated.bismark.cov	92091	47504	44587	0	1	92091	3.3788195645737745E-5	7062.62136888504	5.440796	5.3222466	1327
07_Blood_r1_N_GRCm38_bismark_bt2_pe.nonCG_filtered.deduplicated.bismark.cov	162587	132133	30454	0	1	162587	5.965318397512854E-5	3278.110253572464	2.468713	2.4703166	1327
07_Blood_r1_X_GRCm38_bismark_bt2_pe.nonCG_filtered.deduplicated.bismark.cov	111601	68380	43221	0	1	111601	4.094641628671616E-5	6296.774547100067	4.748541	4.74512	1327
07_Blood_r2_C_GRCm38_bismark_bt2_pe.nonCG_filtered.deduplicated.bismark.cov	33072	17485	15587	0	1	33072	1.2134119581672897E-5	7135.351602077484	4.918246	5.3770547	1327
07_Blood_r2_N_GRCm38_bismark_bt2_pe.nonCG_filtered.deduplicated.bismark.cov	49733	40532	9201	0	1	49733	1.8247041883023044E-5	5544.9575390815735	4.17765	4.1785665	1327
07_Blood_r2_X_GRCm38_bismark_bt2_pe.nonCG_filtered.deduplicated.bismark.cov	35746	21637	14109	0	1	35746	1.3115210406581983E-5	6777.441965103149	4.8060746	5.1073413	1327
07_Blood_r3_C_GRCm38_bismark_bt2_pe.nonCG_filtered.deduplicated.bismark.cov	176714	93577	83137	0	1	176714	6.483638146334495E-5	7057.669520139694	5.5005116	5.3185153	1327
07_Blood_r3_N_GRCm38_bismark_bt2_pe.nonCG_filtered.deduplicated.bismark.cov	266350	215547	50803	0	1	266350	9.772383740259361E-5	2340.066612482071	1.7566017	1.7634262	1327
07_Blood_r3_X_GRCm38_bismark_bt2_pe.nonCG_filtered.deduplicated.bismark.cov	195875	116884	78991	0	1	195875	7.186655397496911E-5	6487.326820373535	5.15935	4.8887167	1327
07_Liver_r1_C_GRCm38_bismark_bt2_pe.nonCG_filtered.deduplicated.bismark.cov	110089	48051	62038	0	1	110089	4.0391663359542434E-5	7293.624358892441	5.7682204	5.496326	1327
07_Liver_r1_N_GRCm38_bismark_bt2_pe.nonCG_filtered.deduplicated.bismark.cov	172488	132266	40222	0	1	172488	6.328586170789775E-5	3166.6104261875153	2.383429	2.3862927	1327
07_Liver_r1_X_GRCm38_bismark_bt2_pe.nonCG_filtered.deduplicated.bismark.cov	134757	73108	61649	0	1	134757	4.94423546343582E-5	6526.156321525574	5.2134957	4.917978	1327
07_Liver_r2_C_GRCm38_bismark_bt2_pe.nonCG_filtered.deduplicated.bismark.cov	204544	89070	115474	0	1	204544	7.50472108041153E-5	7425.031017780304	5.748948	5.595351	1327
07_Liver_r2_N_GRCm38_bismark_bt2_pe.nonCG_filtered.deduplicated.bismark.cov	316337	242284	74053	0	1	316337	1.160640719069805E-4	2007.658236861229	1.5084628	1.5129302	1327
07_Liver_r2_X_GRCm38_bismark_bt2_pe.nonCG_filtered.deduplicated.bismark.cov	214150	105614	108536	0	1	214150	7.857165301207217E-5	7036.715171098709	5.3932314	5.3027244	1327
07_Liver_r3_C_GRCm38_bismark_bt2_pe.nonCG_filtered.deduplicated.bismark.cov	132000	57798	74202	0	1	132000	4.8430811102468016E-5	7246.312908649445	5.728745	5.460673	1327
07_Liver_r3_N_GRCm38_bismark_bt2_pe.nonCG_filtered.deduplicated.bismark.cov	190621	145562	45059	0	1	190621	6.993886093305725E-5	2974.3303394317627	2.239218	2.2413943	1327
07_Liver_r3_X_GRCm38_bismark_bt2_pe.nonCG_filtered.deduplicated.bismark.cov	147723	77030	70693	0	1	147723	5.4199581124923357E-5	6636.1569211483	5.0809617	5.0008717	1327
07_scAT_r1_C_GRCm38_bismark_bt2_pe.nonCG_filtered.deduplicated.bismark.cov	220295	110866	109429	0	1	220295	8.082625402892569E-5	6872.373830318451	5.352416	5.17888	1327
07_scAT_r1_N_GRCm38_bismark_bt2_pe.nonCG_filtered.deduplicated.bismark.cov	358963	282766	76197	0	1	358963	1.3170355489223657E-4	1772.3374960422516	1.3260899	1.3355972	1327
07_scAT_r1_X_GRCm38_bismark_bt2_pe.nonCG_filtered.deduplicated.bismark.cov	259354	153081	106273	0	1	259354	9.51570044141628E-5	6100.579154372215	4.75436	4.5972714	1327
07_scAT_r2_C_GRCm38_bismark_bt2_pe.nonCG_filtered.deduplicated.bismark.cov	233227	108109	125118	0	1	233227	8.557100591663113E-5	7219.578122854233	5.559625	5.440526	1327
07_scAT_r2_N_GRCm38_bismark_bt2_pe.nonCG_filtered.deduplicated.bismark.cov	332620	263180	69440	0	1	332620	1.2203830597653721E-4	1916.1266448497772	1.43605	1.4439538	1327
07_scAT_r2_X_GRCm38_bismark_bt2_pe.nonCG_filtered.deduplicated.bismark.cov	240190	125041	115149	0	1	240190	8.812573120228631E-5	6844.763039588928	5.3796797	5.158073	1327
07_scAT_r3_C_GRCm38_bismark_bt2_pe.nonCG_filtered.deduplicated.bismark.cov	195420	93187	102233	0	1	195420	7.169961443669924E-5	7146.188644170761	5.5252748	5.3852215	1327
07_scAT_r3_N_GRCm38_bismark_bt2_pe.nonCG_filtered.deduplicated.bismark.cov	294412	232321	62091	0	1	294412	1.0801978756287738E-4	2146.4734921455383	1.6120884	1.6175385	1327
07_scAT_r3_X_GRCm38_bismark_bt2_pe.nonCG_filtered.deduplicated.bismark.cov	223671	124396	99275	0	1	223671	8.206490871287973E-5	6555.903875112534	5.16055	4.940395	1327
08_BAT_r1_C_GRCm38_bismark_bt2_pe.nonCG_filtered.deduplicated.bismark.cov	125379	55816	69563	0	1	125379	4.600156564557831E-5	7155.505105257034	5.580595	5.392242	1327
08_BAT_r1_N_GRCm38_bismark_bt2_pe.nonCG_filtered.deduplicated.bismark.cov	173915	127824	46091	0	1	173915	6.380942812792216E-5	3151.5969347953796	2.3715425	2.3749788	1327
08_BAT_r1_X_GRCm38_bismark_bt2_pe.nonCG_filtered.deduplicated.bismark.cov	142454	74821	67633	0	1	142454	5.226638458174984E-5	6529.64488863945	5.1333604	4.9206066	1327
08_BAT_r2_C_GRCm38_bismark_bt2_pe.nonCG_filtered.deduplicated.bismark.cov	228155	107332	120823	0	1	228155	8.37100886900272E-5	7044.464153170586	5.4538417	5.3085637	1327
08_BAT_r2_N_GRCm38_bismark_bt2_pe.nonCG_filtered.deduplicated.bismark.cov	376261	276008	100253	0	1	376261	1.3805019254716454E-4	1679.1319366693497	1.2581912	1.2653594	1327
08_BAT_r2_X_GRCm38_bismark_bt2_pe.nonCG_filtered.deduplicated.bismark.cov	269210	147796	121414	0	1	269210	9.877317164314708E-5	6287.182870984077	4.893196	4.737892	1327
08_BAT_r3_C_GRCm38_bismark_bt2_pe.nonCG_filtered.deduplicated.bismark.cov	108323	47218	61105	0	1	108323	3.974371781100487E-5	7304.584858417511	5.7915506	5.5045853	1327
08_BAT_r3_N_GRCm38_bismark_bt2_pe.nonCG_filtered.deduplicated.bismark.cov	158510	116244	42266	0	1	158510	5.8157332332213675E-5	3328.8569507598877	2.505351	2.5085583	1327
08_BAT_r3_X_GRCm38_bismark_bt2_pe.nonCG_filtered.deduplicated.bismark.cov	109885	53863	56022	0	1	109885	4.0316815742384074E-5	6938.691289901733	5.5078616	5.2288556	1327
08_Blood_r1_C_GRCm38_bismark_bt2_pe.nonCG_filtered.deduplicated.bismark.cov	187894	90838	97056	0	1	187894	6.893832440369035E-5	7303.811249732971	5.7339373	5.5040026	1327
08_Blood_r1_N_GRCm38_bismark_bt2_pe.nonCG_filtered.deduplicated.bismark.cov	299268	242132	57136	0	1	299268	1.0980145437131362E-4	2113.546246647835	1.5884869	1.5927252	1327
08_Blood_r1_X_GRCm38_bismark_bt2_pe.nonCG_filtered.deduplicated.bismark.cov	224880	131386	93494	0	1	224880	8.250849091456824E-5	6600.015559673309	5.1527724	4.9736366	1327
08_Blood_r2_C_GRCm38_bismark_bt2_pe.nonCG_filtered.deduplicated.bismark.cov	76057	41437	34620	0	1	76057	2.7905319697124318E-5	6836.837166547775	5.301738	5.1521006	1327
08_Blood_r2_N_GRCm38_bismark_bt2_pe.nonCG_filtered.deduplicated.bismark.cov	150125	121982	28143	0	1	150125	5.508087512695463E-5	3432.14656996727	2.5837607	2.5863953	1327
08_Blood_r2_X_GRCm38_bismark_bt2_pe.nonCG_filtered.deduplicated.bismark.cov	92812	58459	34353	0	1	92812	3.405273060638077E-5	6114.752554655075	4.429545	4.607952	1327
08_Blood_r3_C_GRCm38_bismark_bt2_pe.nonCG_filtered.deduplicated.bismark.cov	120745	60139	60606	0	1	120745	4.43013506558144E-5	7090.905065774918	5.6349273	5.3435607	1327
08_Blood_r3_N_GRCm38_bismark_bt2_pe.nonCG_filtered.deduplicated.bismark.cov	175927	142605	33322	0	1	175927	6.454763109715068E-5	3129.208118200302	2.354948	2.358107	1327
08_Blood_r3_X_GRCm38_bismark_bt2_pe.nonCG_filtered.deduplicated.bismark.cov	132454	76164	56290	0	1	132454	4.859738374065378E-5	6577.920729637146	5.2383647	4.9569864	1327
08_Liver_r1_C_GRCm38_bismark_bt2_pe.nonCG_filtered.deduplicated.bismark.cov	62405	26494	35911	0	1	62405	2.2896399748859976E-5	7292.8330290317535	5.5871572	5.4957294	1327
08_Liver_r1_N_GRCm38_bismark_bt2_pe.nonCG_filtered.deduplicated.bismark.cov	95657	72866	22791	0	1	95657	3.50965613456726E-5	4292.710569143295	3.2339823	3.2348988	1327
08_Liver_r1_X_GRCm38_bismark_bt2_pe.nonCG_filtered.deduplicated.bismark.cov	75648	39525	36123	0	1	75648	2.775525756272349E-5	6568.434108972549	4.7245545	4.949837	1327
08_Liver_r2_C_GRCm38_bismark_bt2_pe.nonCG_filtered.deduplicated.bismark.cov	60182	26220	33962	0	1	60182	2.208078086188432E-5	7464.750436782837	5.6394863	5.625283	1327
08_Liver_r2_N_GRCm38_bismark_bt2_pe.nonCG_filtered.deduplicated.bismark.cov	106931	82089	24842	0	1	106931	3.92329928939243E-5	4085.9956288337708	3.0732446	3.0791225	1327
08_Liver_r2_X_GRCm38_bismark_bt2_pe.nonCG_filtered.deduplicated.bismark.cov	64666	33479	31187	0	1	64666	2.3725960839031793E-5	7013.031679868698	5.5358114	5.284877	1327
08_Liver_r3_C_GRCm38_bismark_bt2_pe.nonCG_filtered.deduplicated.bismark.cov	201161	88175	112986	0	1	201161	7.38059878195725E-5	7290.745461463928	5.6355057	5.4941564	1327
08_Liver_r3_N_GRCm38_bismark_bt2_pe.nonCG_filtered.deduplicated.bismark.cov	286671	217100	69571	0	1	286671	1.0517961401178492E-4	2201.980214238167	1.650529	1.6593672	1327
08_Liver_r3_X_GRCm38_bismark_bt2_pe.nonCG_filtered.deduplicated.bismark.cov	227096	117346	109750	0	1	227096	8.332154150095513E-5	6732.883126139641	5.138626	5.073763	1327
08_scAT_r1_C_GRCm38_bismark_bt2_pe.nonCG_filtered.deduplicated.bismark.cov	96044	44821	51223	0	1	96044	3.523855167822302E-5	6736.522361755371	5.380161	5.076505	1327
08_scAT_r1_N_GRCm38_bismark_bt2_pe.nonCG_filtered.deduplicated.bismark.cov	141013	107100	33913	0	1	141013	5.17376815605479E-5	3551.8705508708954	2.6740968	2.676617	1327
08_scAT_r1_X_GRCm38_bismark_bt2_pe.nonCG_filtered.deduplicated.bismark.cov	106012	57344	48668	0	1	106012	3.8895811716627574E-5	6154.043267250061	4.8226633	4.637561	1327
08_scAT_r2_C_GRCm38_bismark_bt2_pe.nonCG_filtered.deduplicated.bismark.cov	236636	102269	134367	0	1	236636	8.682176830336077E-5	7265.953649640083	5.53869	5.475474	1327
08_scAT_r2_N_GRCm38_bismark_bt2_pe.nonCG_filtered.deduplicated.bismark.cov	357656	274233	83423	0	1	357656	1.312240164823053E-4	1776.43292593956	1.3313525	1.3386835	1327
08_scAT_r2_X_GRCm38_bismark_bt2_pe.nonCG_filtered.deduplicated.bismark.cov	243557	118850	124707	0	1	243557	8.936108378548335E-5	6858.391731500626	5.3595967	5.1683435	1327
08_scAT_r3_C_GRCm38_bismark_bt2_pe.nonCG_filtered.deduplicated.bismark.cov	208660	87456	121204	0	1	208660	7.655737155031042E-5	7179.365045547485	5.582702	5.4102225	1327
08_scAT_r3_N_GRCm38_bismark_bt2_pe.nonCG_filtered.deduplicated.bismark.cov	281262	212517	68745	0	1	281262	1.0319505145683606E-4	2231.1278190612793	1.6780103	1.6813322	1327
08_scAT_r3_X_GRCm38_bismark_bt2_pe.nonCG_filtered.deduplicated.bismark.cov	223402	112144	111258	0	1	223402	8.196621259025425E-5	6644.661903381348	5.162286	5.007281	1327
09_BAT_r1_C_GRCm38_bismark_bt2_pe.nonCG_filtered.deduplicated.bismark.cov	136158	50577	85581	0	1	136158	4.995638165219576E-5	7286.3409769535065	5.684001	5.490837	1327
09_BAT_r1_N_GRCm38_bismark_bt2_pe.nonCG_filtered.deduplicated.bismark.cov	179524	125922	53602	0	1	179524	6.586737069969295E-5	3091.8279597759247	2.3257482	2.3299382	1327
09_BAT_r1_X_GRCm38_bismark_bt2_pe.nonCG_filtered.deduplicated.bismark.cov	154495	69939	84556	0	1	154495	5.668422849451361E-5	6630.483104944229	5.2793303	4.9965963	1327
09_BAT_r2_C_GRCm38_bismark_bt2_pe.nonCG_filtered.deduplicated.bismark.cov	172882	72879	100003	0	1	172882	6.343042034103694E-5	7034.298252820969	5.5321403	5.300903	1327
09_BAT_r2_N_GRCm38_bismark_bt2_pe.nonCG_filtered.deduplicated.bismark.cov	303400	212780	90620	0	1	303400	1.1131748551885452E-4	2089.1423295736313	1.568704	1.5743349	1327
09_BAT_r2_X_GRCm38_bismark_bt2_pe.nonCG_filtered.deduplicated.bismark.cov	211136	108085	103051	0	1	211136	7.746581615856581E-5	6260.323749065399	4.828718	4.717652	1327
09_BAT_r3_C_GRCm38_bismark_bt2_pe.nonCG_filtered.deduplicated.bismark.cov	141885	53230	88655	0	1	141885	5.205761843389147E-5	7265.599890708923	5.624561	5.4752073	1327
09_BAT_r3_N_GRCm38_bismark_bt2_pe.nonCG_filtered.deduplicated.bismark.cov	210787	150425	60362	0	1	210787	7.733776802921157E-5	2783.634679079056	2.094139	2.09769	1327
09_BAT_r3_X_GRCm38_bismark_bt2_pe.nonCG_filtered.deduplicated.bismark.cov	144905	63821	81084	0	1	144905	5.3165656687902485E-5	6859.184522867203	5.3717833	5.168941	1327
09_Blood_r1_C_GRCm38_bismark_bt2_pe.nonCG_filtered.deduplicated.bismark.cov	126473	58143	68330	0	1	126473	4.640295433759422E-5	7127.764843463898	5.568061	5.3713374	1327
09_Blood_r1_N_GRCm38_bismark_bt2_pe.nonCG_filtered.deduplicated.bismark.cov	180321	151214	29107	0	1	180321	6.61597900667283E-5	3081.523322582245	2.3193574	2.3221729	1327
09_Blood_r1_X_GRCm38_bismark_bt2_pe.nonCG_filtered.deduplicated.bismark.cov	143748	81424	62324	0	1	143748	5.274115329058767E-5	6518.388022899628	5.120314	4.9121237	1327
09_Blood_r2_C_GRCm38_bismark_bt2_pe.nonCG_filtered.deduplicated.bismark.cov	210937	105563	105374	0	1	210937	7.7392803041828E-5	6997.567085981369	5.415041	5.273223	1327
09_Blood_r2_N_GRCm38_bismark_bt2_pe.nonCG_filtered.deduplicated.bismark.cov	326481	270132	56349	0	1	326481	1.1978590636018834E-4	1952.3350434303284	1.462926	1.4712397	1327
09_Blood_r2_X_GRCm38_bismark_bt2_pe.nonCG_filtered.deduplicated.bismark.cov	238002	140862	97140	0	1	238002	8.73229538182545E-5	6363.438273668289	4.8783092	4.7953568	1327
09_Blood_r3_C_GRCm38_bismark_bt2_pe.nonCG_filtered.deduplicated.bismark.cov	53120	25416	27704	0	1	53120	1.9489732467902282E-5	7167.5743017196655	5.234601	5.401337	1327
09_Blood_r3_N_GRCm38_bismark_bt2_pe.nonCG_filtered.deduplicated.bismark.cov	75276	63110	12166	0	1	75276	2.7618770731434717E-5	4752.94890666008	3.579663	3.581725	1327
09_Blood_r3_X_GRCm38_bismark_bt2_pe.nonCG_filtered.deduplicated.bismark.cov	57524	32707	24817	0	1	57524	2.1105560438320987E-5	6666.664112567902	5.119692	5.0238614	1327
09_Liver_r1_C_GRCm38_bismark_bt2_pe.nonCG_filtered.deduplicated.bismark.cov	124062	55162	68900	0	1	124062	4.551835823480596E-5	7247.23428273201	5.5958295	5.461367	1327
09_Liver_r1_N_GRCm38_bismark_bt2_pe.nonCG_filtered.deduplicated.bismark.cov	178391	137225	41166	0	1	178391	6.545167290439676E-5	3101.884517431259	2.334882	2.3375165	1327
09_Liver_r1_X_GRCm38_bismark_bt2_pe.nonCG_filtered.deduplicated.bismark.cov	145181	77600	67581	0	1	145181	5.326692111111674E-5	6543.241219758987	5.1060038	4.9308524	1327
09_Liver_r2_C_GRCm38_bismark_bt2_pe.nonCG_filtered.deduplicated.bismark.cov	198005	86204	111801	0	1	198005	7.264805115412258E-5	7498.094344615936	5.795823	5.65041	1327
09_Liver_r2_N_GRCm38_bismark_bt2_pe.nonCG_filtered.deduplicated.bismark.cov	319282	246639	72643	0	1	319282	1.1714459265468328E-4	1991.5894967317581	1.4950937	1.500821	1327
09_Liver_r2_X_GRCm38_bismark_bt2_pe.nonCG_filtered.deduplicated.bismark.cov	213196	107467	105729	0	1	213196	7.822163033183161E-5	7022.138615369797	5.3996725	5.29174	1327
09_Liver_r3_C_GRCm38_bismark_bt2_pe.nonCG_filtered.deduplicated.bismark.cov	140488	62578	77910	0	1	140488	5.1545059016390355E-5	7239.690670967102	5.638836	5.4556823	1327
09_Liver_r3_N_GRCm38_bismark_bt2_pe.nonCG_filtered.deduplicated.bismark.cov	195273	149230	46043	0	1	195273	7.164568012433513E-5	2930.2339901924133	2.2044325	2.2081642	1327
09_Liver_r3_X_GRCm38_bismark_bt2_pe.nonCG_filtered.deduplicated.bismark.cov	154951	80936	74015	0	1	154951	5.685153493286759E-5	6646.122983217239	5.2750783	5.008382	1327
09_scAT_r1_C_GRCm38_bismark_bt2_pe.nonCG_filtered.deduplicated.bismark.cov	125004	55884	69120	0	1	125004	4.586397811403721E-5	6706.224431037903	5.3218822	5.0536733	1327
09_scAT_r1_N_GRCm38_bismark_bt2_pe.nonCG_filtered.deduplicated.bismark.cov	183864	141336	42528	0	1	183864	6.745971706472863E-5	3043.8805780410767	2.291286	2.293806	1327
09_scAT_r1_X_GRCm38_bismark_bt2_pe.nonCG_filtered.deduplicated.bismark.cov	139412	75138	64274	0	1	139412	5.115027452588842E-5	5970.824090480804	4.842573	4.4994907	1327
09_scAT_r2_C_GRCm38_bismark_bt2_pe.nonCG_filtered.deduplicated.bismark.cov	239975	99695	140280	0	1	239975	8.804684768420274E-5	7196.649382472038	5.5184755	5.4232473	1327
09_scAT_r2_N_GRCm38_bismark_bt2_pe.nonCG_filtered.deduplicated.bismark.cov	355685	274850	80835	0	1	355685	1.305008564165253E-4	1786.4282009601593	1.3393248	1.3462157	1327
09_scAT_r2_X_GRCm38_bismark_bt2_pe.nonCG_filtered.deduplicated.bismark.cov	245878	117945	127933	0	1	245878	9.021265888070176E-5	6770.426320075989	5.1939106	5.1020546	1327
10_BAT_r1_C_GRCm38_bismark_bt2_pe.nonCG_filtered.deduplicated.bismark.cov	176200	66769	109431	0	1	176200	6.46477948201126E-5	7407.471351385117	5.674639	5.5821185	1327
10_BAT_r1_N_GRCm38_bismark_bt2_pe.nonCG_filtered.deduplicated.bismark.cov	255823	184017	71806	0	1	255823	9.386148021717179E-5	2415.0519275665283	1.814779	1.8199337	1327
10_BAT_r1_X_GRCm38_bismark_bt2_pe.nonCG_filtered.deduplicated.bismark.cov	210218	100272	109946	0	1	210218	7.71290018813532E-5	6681.816743850708	5.250042	5.03528	1327
10_BAT_r2_C_GRCm38_bismark_bt2_pe.nonCG_filtered.deduplicated.bismark.cov	155064	65036	90028	0	1	155064	5.6892994642371975E-5	7064.307690382004	5.4964194	5.3235173	1327
10_BAT_r2_N_GRCm38_bismark_bt2_pe.nonCG_filtered.deduplicated.bismark.cov	263027	187659	75368	0	1	263027	9.650462842309738E-5	2360.5177367925644	1.7747141	1.7788378	1327
10_BAT_r2_X_GRCm38_bismark_bt2_pe.nonCG_filtered.deduplicated.bismark.cov	187292	96262	91030	0	1	187292	6.871745055305636E-5	6271.901358127594	5.001601	4.7263765	1327
10_BAT_r3_C_GRCm38_bismark_bt2_pe.nonCG_filtered.deduplicated.bismark.cov	119968	46355	73613	0	1	119968	4.4016269290461234E-5	7288.4985983371735	5.644241	5.492463	1327
10_BAT_r3_N_GRCm38_bismark_bt2_pe.nonCG_filtered.deduplicated.bismark.cov	193209	140081	53128	0	1	193209	7.088839835073291E-5	2948.817302465439	2.2197628	2.2221682	1327
10_BAT_r3_X_GRCm38_bismark_bt2_pe.nonCG_filtered.deduplicated.bismark.cov	129041	58521	70520	0	1	129041	4.734515375358769E-5	6852.4746680259705	5.2760267	5.1638846	1327
10_Blood_r1_C_GRCm38_bismark_bt2_pe.nonCG_filtered.deduplicated.bismark.cov	70371	34263	36108	0	1	70371	2.5819125818877098E-5	7039.816378593445	5.413838	5.3050613	1327
10_Blood_r1_N_GRCm38_bismark_bt2_pe.nonCG_filtered.deduplicated.bismark.cov	111421	91046	20375	0	1	111421	4.088037427157643E-5	4002.730463027954	3.0139039	3.0163755	1327
10_Blood_r1_X_GRCm38_bismark_bt2_pe.nonCG_filtered.deduplicated.bismark.cov	80777	47187	33590	0	1	80777	2.963708809412166E-5	6403.033945322037	5.2148743	4.8251953	1327
10_Blood_r2_C_GRCm38_bismark_bt2_pe.nonCG_filtered.deduplicated.bismark.cov	142125	71773	70352	0	1	142125	5.214567445407778E-5	6939.769720315933	5.39973	5.229668	1327
10_Blood_r2_N_GRCm38_bismark_bt2_pe.nonCG_filtered.deduplicated.bismark.cov	221916	180481	41435	0	1	221916	8.142099906526737E-5	2686.806408882141	2.0199113	2.0247223	1327
10_Blood_r2_X_GRCm38_bismark_bt2_pe.nonCG_filtered.deduplicated.bismark.cov	161250	95802	65448	0	1	161250	5.9162638562674E-5	6303.778784036636	4.954557	4.7503986	1327
10_Blood_r3_C_GRCm38_bismark_bt2_pe.nonCG_filtered.deduplicated.bismark.cov	194757	96354	98403	0	1	194757	7.145635968093457E-5	7174.093058824539	5.5301776	5.4062495	1327
10_Blood_r3_N_GRCm38_bismark_bt2_pe.nonCG_filtered.deduplicated.bismark.cov	309007	251742	57265	0	1	309007	1.1337469429045708E-4	2056.189132332802	1.5422856	1.549502	1327
10_Blood_r3_X_GRCm38_bismark_bt2_pe.nonCG_filtered.deduplicated.bismark.cov	219313	126523	92790	0	1	219313	8.046595814633007E-5	6577.623876571655	5.1889367	4.9567623	1327
10_Liver_r1_C_GRCm38_bismark_bt2_pe.nonCG_filtered.deduplicated.bismark.cov	129742	57679	72063	0	1	129742	4.760235071254852E-5	7270.179977655411	5.753638	5.4786587	1327
10_Liver_r1_N_GRCm38_bismark_bt2_pe.nonCG_filtered.deduplicated.bismark.cov	189478	145529	43949	0	1	189478	6.951949413691996E-5	2987.0601177215576	2.2478945	2.2509873	1327
10_Liver_r1_X_GRCm38_bismark_bt2_pe.nonCG_filtered.deduplicated.bismark.cov	155510	82369	73141	0	1	155510	5.7056632079884856E-5	6537.47007894516	5.269883	4.9265037	1327
10_Liver_r2_C_GRCm38_bismark_bt2_pe.nonCG_filtered.deduplicated.bismark.cov	163550	69542	94008	0	1	163550	6.0006508756126096E-5	7393.099436759949	5.6121964	5.571288	1327
10_Liver_r2_N_GRCm38_bismark_bt2_pe.nonCG_filtered.deduplicated.bismark.cov	253608	194346	59262	0	1	253608	9.304879653086901E-5	2431.5480748414993	1.8273247	1.8323648	1327
10_Liver_r2_X_GRCm38_bismark_bt2_pe.nonCG_filtered.deduplicated.bismark.cov	173909	85358	88551	0	1	173909	6.38072267274175E-5	6978.807892084122	5.3309503	5.2590866	1327
10_Liver_r3_C_GRCm38_bismark_bt2_pe.nonCG_filtered.deduplicated.bismark.cov	103026	45332	57694	0	1	103026	3.7800248065476286E-5	7302.384206295013	5.6008477	5.502927	1327
10_Liver_r3_N_GRCm38_bismark_bt2_pe.nonCG_filtered.deduplicated.bismark.cov	163118	125494	37624	0	1	163118	5.9848007919790746E-5	3274.4520993232727	2.464009	2.46756	1327
10_Liver_r3_X_GRCm38_bismark_bt2_pe.nonCG_filtered.deduplicated.bismark.cov	118667	63014	55653	0	1	118667	4.353893228103464E-5	6681.991631031036	5.0750093	5.035412	1327
10_scAT_r1_C_GRCm38_bismark_bt2_pe.nonCG_filtered.deduplicated.bismark.cov	203093	94150	108943	0	1	203093	7.451483878207225E-5	6890.873822689056	5.2997875	5.1928215	1327
10_scAT_r1_N_GRCm38_bismark_bt2_pe.nonCG_filtered.deduplicated.bismark.cov	341108	257892	83216	0	1	341108	1.2515255389045955E-4	1869.3412848711014	1.3996964	1.4086972	1327
10_scAT_r1_X_GRCm38_bismark_bt2_pe.nonCG_filtered.deduplicated.bismark.cov	239221	131273	107948	0	1	239221	8.77702050207841E-5	6148.279936909676	4.8709393	4.633218	1327
10_scAT_r2_C_GRCm38_bismark_bt2_pe.nonCG_filtered.deduplicated.bismark.cov	165024	70616	94408	0	1	165024	6.054731948010365E-5	7177.835848093033	5.599252	5.40907	1327
10_scAT_r2_N_GRCm38_bismark_bt2_pe.nonCG_filtered.deduplicated.bismark.cov	252152	193188	58964	0	1	252152	9.251459000840542E-5	2443.330978155136	1.8356314	1.8412441	1327
10_scAT_r2_X_GRCm38_bismark_bt2_pe.nonCG_filtered.deduplicated.bismark.cov	170273	83278	86995	0	1	170273	6.247317802159498E-5	6729.67170882225	5.361433	5.0713425	1327
11_BAT_r1_C_GRCm38_bismark_bt2_pe.nonCG_filtered.deduplicated.bismark.cov	139408	52386	87022	0	1	139408	5.114880692555198E-5	7375.529526948929	5.8426147	5.558048	1327
11_BAT_r1_N_GRCm38_bismark_bt2_pe.nonCG_filtered.deduplicated.bismark.cov	186695	137096	49599	0	1	186695	6.849841120284293E-5	3015.6919701099396	2.2692418	2.2725637	1327
11_BAT_r1_X_GRCm38_bismark_bt2_pe.nonCG_filtered.deduplicated.bismark.cov	161601	77203	84398	0	1	161601	5.929142049219647E-5	6664.658251285553	5.2144547	5.02235	1327
11_BAT_r2_C_GRCm38_bismark_bt2_pe.nonCG_filtered.deduplicated.bismark.cov	93899	37608	56291	0	1	93899	3.445155099780791E-5	7046.927338600159	5.4127464	5.31042	1327
11_BAT_r2_N_GRCm38_bismark_bt2_pe.nonCG_filtered.deduplicated.bismark.cov	132855	94934	37921	0	1	132855	4.874451067438173E-5	3667.6562283039093	2.7600725	2.7638705	1327
11_BAT_r2_X_GRCm38_bismark_bt2_pe.nonCG_filtered.deduplicated.bismark.cov	106511	51194	55317	0	1	106511	3.907889485859827E-5	6426.813298940659	4.815888	4.843115	1327
11_BAT_r3_C_GRCm38_bismark_bt2_pe.nonCG_filtered.deduplicated.bismark.cov	67530	27070	40460	0	1	67530	2.4776762679921708E-5	7186.650138616562	5.47329	5.4157124	1327
11_BAT_r3_N_GRCm38_bismark_bt2_pe.nonCG_filtered.deduplicated.bismark.cov	93568	68123	25445	0	1	93568	3.433010706996763E-5	4337.654645442963	3.2658377	3.2687676	1327
11_BAT_r3_X_GRCm38_bismark_bt2_pe.nonCG_filtered.deduplicated.bismark.cov	72507	35245	37262	0	1	72507	2.6602824398535217E-5	6666.292755126953	4.7857356	5.0235815	1327
11_Blood_r1_C_GRCm38_bismark_bt2_pe.nonCG_filtered.deduplicated.bismark.cov	168753	83978	84775	0	1	168753	6.191548989374838E-5	7145.535537481308	5.5670147	5.384729	1327
11_Blood_r1_N_GRCm38_bismark_bt2_pe.nonCG_filtered.deduplicated.bismark.cov	254946	212037	42909	0	1	254946	9.353970884340766E-5	2421.3221698999405	1.8197333	1.8246588	1327
11_Blood_r1_X_GRCm38_bismark_bt2_pe.nonCG_filtered.deduplicated.bismark.cov	199173	118192	80981	0	1	199173	7.30765904523626E-5	6448.493310689926	5.135261	4.8594522	1327
11_Blood_r2_C_GRCm38_bismark_bt2_pe.nonCG_filtered.deduplicated.bismark.cov	253291	134760	118531	0	1	253291	9.293248920420626E-5	6987.676840543747	5.4405637	5.26577	1327
11_Blood_r2_N_GRCm38_bismark_bt2_pe.nonCG_filtered.deduplicated.bismark.cov	420588	347918	72670	0	1	420588	1.5431377257549105E-4	1465.0936859846115	1.0975174	1.1040646	1327
11_Blood_r2_X_GRCm38_bismark_bt2_pe.nonCG_filtered.deduplicated.bismark.cov	295866	183579	112287	0	1	295866	1.0855326028517274E-4	6257.475395679474	4.926909	4.715505	1327
11_Blood_r3_C_GRCm38_bismark_bt2_pe.nonCG_filtered.deduplicated.bismark.cov	120906	63495	57411	0	1	120906	4.4360421569356046E-5	6964.8232254981995	5.3699703	5.248548	1327
11_Blood_r3_N_GRCm38_bismark_bt2_pe.nonCG_filtered.deduplicated.bismark.cov	198790	165902	32888	0	1	198790	7.293606772014862E-5	2894.908360719681	2.17868	2.1815436	1327
11_Blood_r3_X_GRCm38_bismark_bt2_pe.nonCG_filtered.deduplicated.bismark.cov	136396	82976	53420	0	1	136396	5.0043703872213846E-5	6346.82227396965	4.874127	4.782835	1327
11_Liver_r1_C_GRCm38_bismark_bt2_pe.nonCG_filtered.deduplicated.bismark.cov	71243	32276	38967	0	1	71243	2.6139062692220672E-5	7142.8809814453125	5.3960705	5.3827286	1327
11_Liver_r1_N_GRCm38_bismark_bt2_pe.nonCG_filtered.deduplicated.bismark.cov	105488	82134	23354	0	1	105488	3.870355607255414E-5	4107.0949058532715	3.0928462	3.0950224	1327
11_Liver_r1_X_GRCm38_bismark_bt2_pe.nonCG_filtered.deduplicated.bismark.cov	83775	46527	37248	0	1	83775	3.073705454628226E-5	6438.6468279361725	5.162299	4.852032	1327
11_Liver_r2_C_GRCm38_bismark_bt2_pe.nonCG_filtered.deduplicated.bismark.cov	257319	108099	149220	0	1	257319	9.441036274299975E-5	7453.5501717329025	5.7657247	5.6168427	1327
11_Liver_r2_N_GRCm38_bismark_bt2_pe.nonCG_filtered.deduplicated.bismark.cov	366272	283718	82554	0	1	366272	1.3438522760699369E-4	1733.0760916471481	1.2970097	1.3060106	1327
11_Liver_r2_X_GRCm38_bismark_bt2_pe.nonCG_filtered.deduplicated.bismark.cov	264816	127684	137132	0	1	264816	9.716101267356947E-5	7093.604261398315	5.5019	5.345595	1327
11_Liver_r3_C_GRCm38_bismark_bt2_pe.nonCG_filtered.deduplicated.bismark.cov	165616	76213	89403	0	1	165616	6.076452432989654E-5	7220.681747198105	5.594086	5.4413576	1327
11_Liver_r3_N_GRCm38_bismark_bt2_pe.nonCG_filtered.deduplicated.bismark.cov	238013	184846	53167	0	1	238013	8.73269897191797E-5	2550.7681572437286	1.9188848	1.9222066	1327
11_Liver_r3_X_GRCm38_bismark_bt2_pe.nonCG_filtered.deduplicated.bismark.cov	185469	100766	84703	0	1	185469	6.804859169972455E-5	6599.329540252686	5.238105	4.9731193	1327
11_scAT_r1_C_GRCm38_bismark_bt2_pe.nonCG_filtered.deduplicated.bismark.cov	208123	96438	111685	0	1	208123	7.636034620514357E-5	6826.084010362625	5.2644916	5.143997	1327
11_scAT_r1_N_GRCm38_bismark_bt2_pe.nonCG_filtered.deduplicated.bismark.cov	349682	268233	81449	0	1	349682	1.282983552116153E-4	1818.62287068367	1.3638815	1.370477	1327
11_scAT_r1_X_GRCm38_bismark_bt2_pe.nonCG_filtered.deduplicated.bismark.cov	247725	136747	110978	0	1	247725	9.089032333605219E-5	6118.231372714043	4.8205433	4.610574	1327
11_scAT_r2_C_GRCm38_bismark_bt2_pe.nonCG_filtered.deduplicated.bismark.cov	189137	78541	110596	0	1	189137	6.939438120823858E-5	7165.913160324097	5.5724216	5.4000854	1327
11_scAT_r2_N_GRCm38_bismark_bt2_pe.nonCG_filtered.deduplicated.bismark.cov	283907	218522	65385	0	1	283907	1.0416550217930597E-4	2217.4643718004227	1.6645066	1.6710356	1327
11_scAT_r2_X_GRCm38_bismark_bt2_pe.nonCG_filtered.deduplicated.bismark.cov	194541	94595	99946	0	1	194541	7.13771092627669E-5	6741.031518697739	5.169209	5.079903	1327
12_BAT_r1_C_GRCm38_bismark_bt2_pe.nonCG_filtered.deduplicated.bismark.cov	110979	41962	69017	0	1	110979	4.071820443439998E-5	7402.417745351791	5.756604	5.5783105	1327
12_BAT_r1_N_GRCm38_bismark_bt2_pe.nonCG_filtered.deduplicated.bismark.cov	167509	121366	46143	0	1	167509	6.145906618911602E-5	3222.38187456131	2.4256864	2.428321	1327
12_BAT_r1_X_GRCm38_bismark_bt2_pe.nonCG_filtered.deduplicated.bismark.cov	135647	66436	69211	0	1	135647	4.976889570921575E-5	6671.358985424042	5.203999	5.0273995	1327
12_BAT_r2_C_GRCm38_bismark_bt2_pe.nonCG_filtered.deduplicated.bismark.cov	139219	59913	79306	0	1	139219	5.107946280965527E-5	7096.529853582382	5.4295344	5.3477993	1327
12_BAT_r2_N_GRCm38_bismark_bt2_pe.nonCG_filtered.deduplicated.bismark.cov	228605	164699	63906	0	1	228605	8.387519372787652E-5	2628.2815771102905	1.9770682	1.9806191	1327
12_BAT_r2_X_GRCm38_bismark_bt2_pe.nonCG_filtered.deduplicated.bismark.cov	125923	63212	62711	0	1	125923	4.620115929133394E-5	6479.969377756119	4.989386	4.883172	1327
12_BAT_r3_C_GRCm38_bismark_bt2_pe.nonCG_filtered.deduplicated.bismark.cov	154576	63018	91558	0	1	154576	5.671394740132649E-5	7210.01598405838	5.5009665	5.43332	1327
12_BAT_r3_N_GRCm38_bismark_bt2_pe.nonCG_filtered.deduplicated.bismark.cov	235054	171802	63252	0	1	235054	8.624133237029938E-5	2581.7819397449493	1.9369328	1.945578	1327
12_BAT_r3_X_GRCm38_bismark_bt2_pe.nonCG_filtered.deduplicated.bismark.cov	175350	86468	88882	0	1	175350	6.433592974861944E-5	6562.229335308075	5.096653	4.9451613	1327
12_Blood_r1_C_GRCm38_bismark_bt2_pe.nonCG_filtered.deduplicated.bismark.cov	180270	90290	89980	0	1	180270	6.614107816243871E-5	7149.221348285675	5.6416936	5.3875065	1327
12_Blood_r1_N_GRCm38_bismark_bt2_pe.nonCG_filtered.deduplicated.bismark.cov	285697	231105	54592	0	1	285697	1.0482225332986215E-4	2199.959800720215	1.6554391	1.6578447	1327
12_Blood_r1_X_GRCm38_bismark_bt2_pe.nonCG_filtered.deduplicated.bismark.cov	213849	125886	87963	0	1	213849	7.846121608675517E-5	6491.7683198452	5.0326905	4.8920636	1327
12_Blood_r2_C_GRCm38_bismark_bt2_pe.nonCG_filtered.deduplicated.bismark.cov	146639	75332	71307	0	1	146639	5.380186143374854E-5	7009.090265512466	5.354622	5.2819066	1327
12_Blood_r2_N_GRCm38_bismark_bt2_pe.nonCG_filtered.deduplicated.bismark.cov	251427	201426	50001	0	1	251427	9.224858744742595E-5	2448.387441277504	1.8397855	1.8450546	1327
12_Blood_r2_X_GRCm38_bismark_bt2_pe.nonCG_filtered.deduplicated.bismark.cov	172041	103287	68754	0	1	172041	6.312185737030075E-5	6197.9388692379	4.8611035	4.6706395	1327
12_Blood_r3_C_GRCm38_bismark_bt2_pe.nonCG_filtered.deduplicated.bismark.cov	192638	94421	98217	0	1	192638	7.067889840270632E-5	7165.640079498291	5.5459604	5.3998795	1327
12_Blood_r3_N_GRCm38_bismark_bt2_pe.nonCG_filtered.deduplicated.bismark.cov	297273	240559	56714	0	1	297273	1.0906948870351496E-4	2127.351307153702	1.5981365	1.6031283	1327
12_Blood_r3_X_GRCm38_bismark_bt2_pe.nonCG_filtered.deduplicated.bismark.cov	213476	121912	91564	0	1	213476	7.832436235538229E-5	6575.886139154434	5.035209	4.955453	1327
12_Liver_r1_C_GRCm38_bismark_bt2_pe.nonCG_filtered.deduplicated.bismark.cov	102094	46191	55903	0	1	102094	3.745829718708614E-5	7238.707475662231	5.613958	5.4549417	1327
12_Liver_r1_N_GRCm38_bismark_bt2_pe.nonCG_filtered.deduplicated.bismark.cov	148011	113828	34183	0	1	148011	5.430524834914692E-5	3457.6248109340668	2.6042206	2.605595	1327
12_Liver_r1_X_GRCm38_bismark_bt2_pe.nonCG_filtered.deduplicated.bismark.cov	118111	64061	54050	0	1	118111	4.33349358342697E-5	6554.659200191498	5.0817847	4.939457	1327
12_Liver_r2_C_GRCm38_bismark_bt2_pe.nonCG_filtered.deduplicated.bismark.cov	54905	22750	32155	0	1	54905	2.014464911803793E-5	7361.395467281342	5.7718806	5.5473967	1327
12_Liver_r2_N_GRCm38_bismark_bt2_pe.nonCG_filtered.deduplicated.bismark.cov	76768	58817	17951	0	1	76768	2.816618565692625E-5	4715.527131795883	3.5513482	3.5535245	1327
12_Liver_r2_X_GRCm38_bismark_bt2_pe.nonCG_filtered.deduplicated.bismark.cov	57056	27484	29572	0	1	57056	2.093385119895769E-5	7009.711540222168	5.131478	5.282375	1327
12_Liver_r3_C_GRCm38_bismark_bt2_pe.nonCG_filtered.deduplicated.bismark.cov	198058	88240	109818	0	1	198058	7.266749685858039E-5	7330.885155200958	5.657933	5.524405	1327
12_Liver_r3_N_GRCm38_bismark_bt2_pe.nonCG_filtered.deduplicated.bismark.cov	282507	217171	65336	0	1	282507	1.0365184206155251E-4	2227.232296347618	1.6716384	1.6783966	1327
12_Liver_r3_X_GRCm38_bismark_bt2_pe.nonCG_filtered.deduplicated.bismark.cov	220266	115125	105141	0	1	220266	8.081561392648652E-5	6750.701829910278	5.352606	5.0871906	1327
12_scAT_r1_C_GRCm38_bismark_bt2_pe.nonCG_filtered.deduplicated.bismark.cov	186813	89508	97305	0	1	186813	6.854170541276786E-5	6938.264578819275	5.4203334	5.2285337	1327
12_scAT_r1_N_GRCm38_bismark_bt2_pe.nonCG_filtered.deduplicated.bismark.cov	319105	243653	75452	0	1	319105	1.1707965133979588E-4	1993.8671391010284	1.4958937	1.5025374	1327
12_scAT_r1_X_GRCm38_bismark_bt2_pe.nonCG_filtered.deduplicated.bismark.cov	225235	127044	98191	0	1	225235	8.263874044442716E-5	6190.558520555496	4.73546	4.665078	1327
12_scAT_r2_C_GRCm38_bismark_bt2_pe.nonCG_filtered.deduplicated.bismark.cov	129607	55853	73754	0	1	129607	4.755281920119373E-5	7224.657424926758	5.532747	5.4443536	1327
12_scAT_r2_N_GRCm38_bismark_bt2_pe.nonCG_filtered.deduplicated.bismark.cov	192957	148444	44513	0	1	192957	7.079593952953729E-5	2953.1398034095764	2.2216456	2.2254257	1327
12_scAT_r2_X_GRCm38_bismark_bt2_pe.nonCG_filtered.deduplicated.bismark.cov	132315	64761	67554	0	1	132315	4.854638462896254E-5	6827.680593013763	5.2398796	5.1452003	1327
13_BAT_r1_C_GRCm38_bismark_bt2_pe.nonCG_filtered.deduplicated.bismark.cov	105896	40781	65115	0	1	105896	3.885325130687086E-5	7337.911096811295	5.5612082	5.5296993	1327
13_BAT_r1_N_GRCm38_bismark_bt2_pe.nonCG_filtered.deduplicated.bismark.cov	170188	121284	48904	0	1	170188	6.244199151444566E-5	3194.8941435813904	2.4027958	2.4076068	1327
13_BAT_r1_X_GRCm38_bismark_bt2_pe.nonCG_filtered.deduplicated.bismark.cov	130639	63996	66643	0	1	130639	4.793146008799484E-5	6577.738847255707	4.9363422	4.956849	1327
13_BAT_r2_C_GRCm38_bismark_bt2_pe.nonCG_filtered.deduplicated.bismark.cov	104754	45697	59057	0	1	104754	3.8434251410817686E-5	7082.499729156494	5.576851	5.3372264	1327
13_BAT_r2_N_GRCm38_bismark_bt2_pe.nonCG_filtered.deduplicated.bismark.cov	196573	141273	55300	0	1	196573	7.212265023367762E-5	2916.8349645137787	2.1948597	2.198067	1327
13_BAT_r2_X_GRCm38_bismark_bt2_pe.nonCG_filtered.deduplicated.bismark.cov	131517	70502	61015	0	1	131517	4.825359836184308E-5	6233.466406345367	4.926679	4.6974125	1327
13_BAT_r3_C_GRCm38_bismark_bt2_pe.nonCG_filtered.deduplicated.bismark.cov	145082	57219	87863	0	1	145082	5.323059800278989E-5	7296.639700889587	5.5924144	5.498598	1327
13_BAT_r3_N_GRCm38_bismark_bt2_pe.nonCG_filtered.deduplicated.bismark.cov	211703	153170	58533	0	1	211703	7.767384850625597E-5	2778.4611887931824	2.0878832	2.0937915	1327
13_BAT_r3_X_GRCm38_bismark_bt2_pe.nonCG_filtered.deduplicated.bismark.cov	159449	76218	83231	0	1	159449	5.85018515111926E-5	6682.289792537689	5.2337956	5.0356364	1327
13_Blood_r1_C_GRCm38_bismark_bt2_pe.nonCG_filtered.deduplicated.bismark.cov	83988	38823	45165	0	1	83988	3.0815204264197606E-5	7053.917264223099	5.573673	5.3156877	1327
13_Blood_r1_N_GRCm38_bismark_bt2_pe.nonCG_filtered.deduplicated.bismark.cov	114177	94209	19968	0	1	114177	4.1891550903382506E-5	3954.0401833057404	2.9786527	2.9796836	1327
13_Blood_r1_X_GRCm38_bismark_bt2_pe.nonCG_filtered.deduplicated.bismark.cov	94242	52389	41853	0	1	94242	3.457739772665751E-5	6406.400753498077	4.992449	4.827732	1327
13_Blood_r2_C_GRCm38_bismark_bt2_pe.nonCG_filtered.deduplicated.bismark.cov	115156	52792	62364	0	1	115156	4.225074608572581E-5	7137.496346950531	5.4402666	5.378671	1327
13_Blood_r2_N_GRCm38_bismark_bt2_pe.nonCG_filtered.deduplicated.bismark.cov	172366	142687	29679	0	1	172366	6.324109989763639E-5	3165.380803346634	2.3844497	2.3853662	1327
13_Blood_r2_X_GRCm38_bismark_bt2_pe.nonCG_filtered.deduplicated.bismark.cov	118255	62572	55683	0	1	118255	4.338776944638148E-5	6736.362077951431	5.080027	5.0763845	1327
13_Blood_r3_C_GRCm38_bismark_bt2_pe.nonCG_filtered.deduplicated.bismark.cov	123457	61573	61884	0	1	123457	4.529638368391965E-5	7020.930629253387	5.602882	5.290829	1327
13_Blood_r3_N_GRCm38_bismark_bt2_pe.nonCG_filtered.deduplicated.bismark.cov	197517	163647	33870	0	1	197517	7.246900391307708E-5	2907.511379480362	2.1879482	2.191041	1327
13_Blood_r3_X_GRCm38_bismark_bt2_pe.nonCG_filtered.deduplicated.bismark.cov	137902	80878	57024	0	1	137902	5.059625539888291E-5	6417.715500831604	5.1802125	4.836259	1327
13_Liver_r1_C_GRCm38_bismark_bt2_pe.nonCG_filtered.deduplicated.bismark.cov	93202	37866	55336	0	1	93202	3.4195821639183516E-5	7285.850621461868	5.7454233	5.4904675	1327
13_Liver_r1_N_GRCm38_bismark_bt2_pe.nonCG_filtered.deduplicated.bismark.cov	142053	105888	36165	0	1	142053	5.211925764802189E-5	3536.8906350135803	2.6634955	2.6653283	1327
13_Liver_r1_X_GRCm38_bismark_bt2_pe.nonCG_filtered.deduplicated.bismark.cov	114379	57509	56870	0	1	114379	4.1965664720372647E-5	6547.794078111649	5.1281056	4.9342833	1327
13_Liver_r2_C_GRCm38_bismark_bt2_pe.nonCG_filtered.deduplicated.bismark.cov	143438	55093	88345	0	1	143438	5.2627414264513694E-5	7322.83450627327	5.6088557	5.518338	1327
13_Liver_r2_N_GRCm38_bismark_bt2_pe.nonCG_filtered.deduplicated.bismark.cov	214368	161076	53292	0	1	214368	7.865163723040806E-5	2751.535705804825	2.0698354	2.0735009	1327
13_Liver_r2_X_GRCm38_bismark_bt2_pe.nonCG_filtered.deduplicated.bismark.cov	149423	68934	80489	0	1	149423	5.482331126790969E-5	6922.596529006958	5.3274884	5.216727	1327
13_Liver_r3_C_GRCm38_bismark_bt2_pe.nonCG_filtered.deduplicated.bismark.cov	154574	61412	93162	0	1	154574	5.671321360115827E-5	7298.1323158741	5.69363	5.499723	1327
13_Liver_r3_N_GRCm38_bismark_bt2_pe.nonCG_filtered.deduplicated.bismark.cov	230466	171875	58591	0	1	230466	8.45579947844045E-5	2616.4316205978394	1.9653711	1.9716892	1327
13_Liver_r3_X_GRCm38_bismark_bt2_pe.nonCG_filtered.deduplicated.bismark.cov	179461	87431	92030	0	1	179461	6.584425599439403E-5	6704.63135099411	5.2856126	5.0524726	1327
13_scAT_r1_C_GRCm38_bismark_bt2_pe.nonCG_filtered.deduplicated.bismark.cov	267587	117834	149753	0	1	267587	9.817769280663719E-5	6824.051139831543	5.3613515	5.142465	1327
13_scAT_r1_N_GRCm38_bismark_bt2_pe.nonCG_filtered.deduplicated.bismark.cov	393900	301275	92625	0	1	393900	1.4452194313077388E-4	1592.1830966472626	1.1920956	1.1998365	1327
13_scAT_r1_X_GRCm38_bismark_bt2_pe.nonCG_filtered.deduplicated.bismark.cov	294640	155387	139253	0	1	294640	1.0810344078205436E-4	6213.850885152817	4.9329	4.6826305	1327
13_scAT_r2_C_GRCm38_bismark_bt2_pe.nonCG_filtered.deduplicated.bismark.cov	314605	119621	194984	0	1	314605	1.1542860096130266E-4	7314.313108682632	5.6683865	5.5119166	1327
13_scAT_r2_N_GRCm38_bismark_bt2_pe.nonCG_filtered.deduplicated.bismark.cov	444135	339232	104903	0	1	444135	1.6295316885601996E-4	1364.060003042221	1.0189267	1.0279276	1327
13_scAT_r2_X_GRCm38_bismark_bt2_pe.nonCG_filtered.deduplicated.bismark.cov	323303	143890	179413	0	1	323303	1.1861989789288801E-4	6896.702074766159	5.329481	5.197213	1327
13_scAT_r3_C_GRCm38_bismark_bt2_pe.nonCG_filtered.deduplicated.bismark.cov	100535	39608	60927	0	1	100535	3.688629995595926E-5	7005.686700105667	5.31423	5.2793417	1327
13_scAT_r3_N_GRCm38_bismark_bt2_pe.nonCG_filtered.deduplicated.bismark.cov	138435	105174	33261	0	1	138435	5.0791813143713335E-5	3585.522192955017	2.700716	2.701976	1327
13_scAT_r3_X_GRCm38_bismark_bt2_pe.nonCG_filtered.deduplicated.bismark.cov	111919	53272	58647	0	1	111919	4.106309051346301E-5	6440.179346561432	5.1594734	4.853187	1327
14_BAT_r1_C_GRCm38_bismark_bt2_pe.nonCG_filtered.deduplicated.bismark.cov	97923	40572	57351	0	1	97923	3.5927956936264967E-5	7375.419444799423	5.6741366	5.557965	1327
14_BAT_r1_N_GRCm38_bismark_bt2_pe.nonCG_filtered.deduplicated.bismark.cov	175402	127248	48154	0	1	175402	6.435500855299314E-5	3134.6895818710327	2.3592596	2.362238	1327
14_BAT_r1_X_GRCm38_bismark_bt2_pe.nonCG_filtered.deduplicated.bismark.cov	125785	65757	60028	0	1	125785	4.615052707972681E-5	6538.115805864334	4.990968	4.92699	1327
14_BAT_r2_C_GRCm38_bismark_bt2_pe.nonCG_filtered.deduplicated.bismark.cov	68803	29388	39415	0	1	68803	2.5243826486993236E-5	7120.5205590724945	5.446347	5.365878	1327
14_BAT_r2_N_GRCm38_bismark_bt2_pe.nonCG_filtered.deduplicated.bismark.cov	113731	81259	32472	0	1	113731	4.1727913465869625E-5	3964.2694144248962	2.9842994	2.9873922	1327
14_BAT_r2_X_GRCm38_bismark_bt2_pe.nonCG_filtered.deduplicated.bismark.cov	81625	41894	39731	0	1	81625	2.9948219365446606E-5	6413.792069911957	4.6148453	4.833302	1327
14_BAT_r3_C_GRCm38_bismark_bt2_pe.nonCG_filtered.deduplicated.bismark.cov	65971	25577	40394	0	1	65971	2.420476544879483E-5	7229.024283409119	5.5069866	5.4476447	1327
14_BAT_r3_N_GRCm38_bismark_bt2_pe.nonCG_filtered.deduplicated.bismark.cov	91416	66486	24930	0	1	91416	3.354053808896376E-5	4381.352207899094	3.2994063	3.3016973	1327
14_BAT_r3_X_GRCm38_bismark_bt2_pe.nonCG_filtered.deduplicated.bismark.cov	72261	33624	38637	0	1	72261	2.6512566977844255E-5	6753.024343252182	5.3756013	5.0889406	1327
14_Blood_r1_C_GRCm38_bismark_bt2_pe.nonCG_filtered.deduplicated.bismark.cov	91750	42761	48989	0	1	91750	3.366308271705637E-5	7178.15891957283	5.446148	5.409313	1327
14_Blood_r1_N_GRCm38_bismark_bt2_pe.nonCG_filtered.deduplicated.bismark.cov	143518	118880	24638	0	1	143518	5.265676627124246E-5	3516.7920794487	2.6486933	2.6501825	1327
14_Blood_r1_X_GRCm38_bismark_bt2_pe.nonCG_filtered.deduplicated.bismark.cov	79346	46269	33077	0	1	79346	2.9112054073760814E-5	6497.125958681107	4.655699	4.896101	1327
14_Blood_r2_C_GRCm38_bismark_bt2_pe.nonCG_filtered.deduplicated.bismark.cov	154728	75581	79147	0	1	154728	5.676971621411115E-5	7224.570463657379	5.6921935	5.4442883	1327
14_Blood_r2_N_GRCm38_bismark_bt2_pe.nonCG_filtered.deduplicated.bismark.cov	275814	229522	46292	0	1	275814	1.0119617979860692E-4	2269.7904369831085	1.7062293	1.7104676	1327
14_Blood_r2_X_GRCm38_bismark_bt2_pe.nonCG_filtered.deduplicated.bismark.cov	164387	92871	71516	0	1	164387	6.0313604126525833E-5	6770.038008451462	5.1897945	5.101762	1327
14_Blood_r3_C_GRCm38_bismark_bt2_pe.nonCG_filtered.deduplicated.bismark.cov	182198	89267	92931	0	1	182198	6.684846152460203E-5	7196.107281923294	5.626346	5.422839	1327
14_Blood_r3_N_GRCm38_bismark_bt2_pe.nonCG_filtered.deduplicated.bismark.cov	301784	249856	51928	0	1	301784	1.107245749829334E-4	2098.4303760528564	1.5764086	1.5813341	1327
14_Blood_r3_X_GRCm38_bismark_bt2_pe.nonCG_filtered.deduplicated.bismark.cov	210822	122337	88485	0	1	210822	7.735060953215539E-5	6588.486776351929	5.0532575	4.9649487	1327
14_Liver_r1_C_GRCm38_bismark_bt2_pe.nonCG_filtered.deduplicated.bismark.cov	93951	36097	57854	0	1	93951	3.447062980218161E-5	7238.969443798065	5.7338758	5.455139	1327
14_Liver_r1_N_GRCm38_bismark_bt2_pe.nonCG_filtered.deduplicated.bismark.cov	128755	94088	34667	0	1	128755	4.7240220329532344E-5	3724.14869761467	2.8052967	2.806442	1327
14_Liver_r1_X_GRCm38_bismark_bt2_pe.nonCG_filtered.deduplicated.bismark.cov	107332	51928	55404	0	1	107332	3.938011982765225E-5	6643.50917840004	5.2198477	5.0064125	1327
14_Liver_r2_C_GRCm38_bismark_bt2_pe.nonCG_filtered.deduplicated.bismark.cov	177946	68651	109295	0	1	177946	6.528840236696798E-5	7489.921283006668	5.8124166	5.6442513	1327
14_Liver_r2_N_GRCm38_bismark_bt2_pe.nonCG_filtered.deduplicated.bismark.cov	261826	192598	69228	0	1	261826	9.606398142208175E-5	2367.6072548627853	1.7813166	1.7841803	1327
14_Liver_r2_X_GRCm38_bismark_bt2_pe.nonCG_filtered.deduplicated.bismark.cov	185609	83530	102079	0	1	185609	6.80999577114999E-5	7038.09725856781	5.4296613	5.303766	1327
14_Liver_r3_C_GRCm38_bismark_bt2_pe.nonCG_filtered.deduplicated.bismark.cov	170063	65760	104303	0	1	170063	6.239612900393196E-5	7232.767610788345	5.5558586	5.450465	1327
14_Liver_r3_N_GRCm38_bismark_bt2_pe.nonCG_filtered.deduplicated.bismark.cov	234619	172932	61687	0	1	234619	8.60817308337117E-5	2581.6962854862213	1.9396052	1.9455134	1327
14_Liver_r3_X_GRCm38_bismark_bt2_pe.nonCG_filtered.deduplicated.bismark.cov	188767	89249	99518	0	1	188767	6.925862817711804E-5	6679.891661167145	5.2126765	5.033829	1327
14_scAT_r1_C_GRCm38_bismark_bt2_pe.nonCG_filtered.deduplicated.bismark.cov	142833	65191	77642	0	1	142833	5.2405439713627384E-5	6728.9471254348755	5.1295266	5.0707965	1327
14_scAT_r1_N_GRCm38_bismark_bt2_pe.nonCG_filtered.deduplicated.bismark.cov	226605	175085	51520	0	1	226605	8.314139355965731E-5	2645.408217906952	1.9897454	1.9935254	1327
14_scAT_r1_X_GRCm38_bismark_bt2_pe.nonCG_filtered.deduplicated.bismark.cov	163708	89424	74284	0	1	163708	6.006447896941541E-5	6077.5946435928345	4.610803	4.579951	1327
14_scAT_r2_C_GRCm38_bismark_bt2_pe.nonCG_filtered.deduplicated.bismark.cov	184943	73139	111804	0	1	184943	6.78556022554829E-5	7164.093836069107	5.6047726	5.398714	1327
14_scAT_r2_N_GRCm38_bismark_bt2_pe.nonCG_filtered.deduplicated.bismark.cov	274746	211353	63393	0	1	274746	1.0080433050877786E-4	2278.673970937729	1.7118266	1.717162	1327
14_scAT_r2_X_GRCm38_bismark_bt2_pe.nonCG_filtered.deduplicated.bismark.cov	190251	88533	101718	0	1	190251	6.980310790193669E-5	6776.121908903122	5.394024	5.1063466	1327
14_scAT_r3_C_GRCm38_bismark_bt2_pe.nonCG_filtered.deduplicated.bismark.cov	109301	43582	65719	0	1	109301	4.0102546093264064E-5	6911.8887259960175	5.5155497	5.2086577	1327
14_scAT_r3_N_GRCm38_bismark_bt2_pe.nonCG_filtered.deduplicated.bismark.cov	148369	113421	34948	0	1	148369	5.443659857925816E-5	3452.8479437828064	2.6007354	2.6019955	1327
14_scAT_r3_X_GRCm38_bismark_bt2_pe.nonCG_filtered.deduplicated.bismark.cov	118658	57248	61410	0	1	118658	4.353563018027765E-5	6441.713809728622	5.0751185	4.8543434	1327
15_BAT_r1_C_GRCm38_bismark_bt2_pe.nonCG_filtered.deduplicated.bismark.cov	205631	76094	129537	0	1	205631	7.544603119554243E-5	7397.205196857452	5.741302	5.5743823	1327
15_BAT_r1_N_GRCm38_bismark_bt2_pe.nonCG_filtered.deduplicated.bismark.cov	288176	208208	79968	0	1	288176	1.0573179863836987E-4	2186.915764808655	1.6429749	1.6480149	1327
15_BAT_r1_X_GRCm38_bismark_bt2_pe.nonCG_filtered.deduplicated.bismark.cov	239459	113322	126137	0	1	239459	8.785752724080219E-5	6689.481434583664	5.2320743	5.041056	1327
15_BAT_r2_C_GRCm38_bismark_bt2_pe.nonCG_filtered.deduplicated.bismark.cov	115460	49504	65956	0	1	115460	4.236228371129513E-5	7022.014614343643	5.436463	5.2916465	1327
15_BAT_r2_N_GRCm38_bismark_bt2_pe.nonCG_filtered.deduplicated.bismark.cov	185696	134821	50875	0	1	185696	6.813187801881743E-5	3029.1553699970245	2.276982	2.2827094	1327
15_BAT_r2_X_GRCm38_bismark_bt2_pe.nonCG_filtered.deduplicated.bismark.cov	136824	70974	65850	0	1	136824	5.020073710821276E-5	6308.174886465073	4.869607	4.753711	1327
15_BAT_r3_C_GRCm38_bismark_bt2_pe.nonCG_filtered.deduplicated.bismark.cov	187161	75064	112097	0	1	187161	6.866938664203801E-5	7335.7471215724945	5.7395763	5.5280685	1327
15_BAT_r3_N_GRCm38_bismark_bt2_pe.nonCG_filtered.deduplicated.bismark.cov	277247	202743	74504	0	1	277247	1.0172194761913599E-4	2262.7815194129944	1.6987531	1.7051858	1327
15_BAT_r3_X_GRCm38_bismark_bt2_pe.nonCG_filtered.deduplicated.bismark.cov	210145	101762	108383	0	1	210145	7.710221817521319E-5	6747.813805341721	5.250543	5.0850143	1327
15_Blood_r1_C_GRCm38_bismark_bt2_pe.nonCG_filtered.deduplicated.bismark.cov	155859	71139	84720	0	1	155859	5.7184680209239114E-5	7242.850698709488	5.489042	5.4580636	1327
15_Blood_r1_N_GRCm38_bismark_bt2_pe.nonCG_filtered.deduplicated.bismark.cov	235624	193035	42589	0	1	235624	8.645046541824184E-5	2568.865005970001	1.9334385	1.9358441	1327
15_Blood_r1_X_GRCm38_bismark_bt2_pe.nonCG_filtered.deduplicated.bismark.cov	179961	100669	79292	0	1	179961	6.602770603644884E-5	6536.800900697708	5.0592065	4.925999	1327
15_Blood_r2_C_GRCm38_bismark_bt2_pe.nonCG_filtered.deduplicated.bismark.cov	270895	121437	149458	0	1	270895	9.939139828487177E-5	7308.174004912376	5.6915493	5.5072904	1327
15_Blood_r2_N_GRCm38_bismark_bt2_pe.nonCG_filtered.deduplicated.bismark.cov	403151	332357	70794	0	1	403151	1.4791613580887185E-4	1550.4366708993912	1.1586047	1.1683773	1327
15_Blood_r2_X_GRCm38_bismark_bt2_pe.nonCG_filtered.deduplicated.bismark.cov	271369	140410	130959	0	1	271369	9.956530892473972E-5	6926.716632604599	5.341104	5.2198315	1327
15_Blood_r3_C_GRCm38_bismark_bt2_pe.nonCG_filtered.deduplicated.bismark.cov	252228	117976	134252	0	1	252228	9.254247441479775E-5	7208.695144176483	5.572162	5.432325	1327
15_Blood_r3_N_GRCm38_bismark_bt2_pe.nonCG_filtered.deduplicated.bismark.cov	372922	306452	66470	0	1	372922	1.3682511316632256E-4	1696.588907122612	1.271051	1.2785146	1327
15_Blood_r3_X_GRCm38_bismark_bt2_pe.nonCG_filtered.deduplicated.bismark.cov	276514	152826	123688	0	1	276514	1.0145300985748365E-4	6651.173272371292	5.1765037	5.012188	1327
15_Liver_r1_C_GRCm38_bismark_bt2_pe.nonCG_filtered.deduplicated.bismark.cov	45603	18706	26897	0	1	45603	1.6731744535650373E-5	7161.0688762664795	5.454727	5.396435	1327
15_Liver_r1_N_GRCm38_bismark_bt2_pe.nonCG_filtered.deduplicated.bismark.cov	70485	52225	18260	0	1	70485	2.5860952428465593E-5	4877.630554437637	3.674537	3.6756823	1327
15_Liver_r1_X_GRCm38_bismark_bt2_pe.nonCG_filtered.deduplicated.bismark.cov	53773	27110	26663	0	1	53773	1.9729318222825854E-5	6622.701187133789	5.2169743	4.9907317	1327
15_Liver_r2_C_GRCm38_bismark_bt2_pe.nonCG_filtered.deduplicated.bismark.cov	65306	26348	38958	0	1	65306	2.3960776892861943E-5	7451.635754823685	5.9366407	5.6154	1327
15_Liver_r2_N_GRCm38_bismark_bt2_pe.nonCG_filtered.deduplicated.bismark.cov	123785	92849	30936	0	1	123785	4.5416726911507604E-5	3799.8153989315033	2.8620884	2.863463	1327
15_Liver_r2_X_GRCm38_bismark_bt2_pe.nonCG_filtered.deduplicated.bismark.cov	72663	35328	37335	0	1	72663	2.6660060811656314E-5	6927.253700494766	5.3675976	5.2202363	1327
15_Liver_r3_C_GRCm38_bismark_bt2_pe.nonCG_filtered.deduplicated.bismark.cov	42821	16787	26034	0	1	42821	1.5711028501657447E-5	7192.418382644653	5.5455375	5.420059	1327
15_Liver_r3_N_GRCm38_bismark_bt2_pe.nonCG_filtered.deduplicated.bismark.cov	52355	39142	13213	0	1	52355	1.920905390355843E-5	5446.746551990509	4.1035256	4.1045566	1327
15_Liver_r3_X_GRCm38_bismark_bt2_pe.nonCG_filtered.deduplicated.bismark.cov	43640	20684	22956	0	1	43640	1.6011519670543214E-5	6873.531582832336	4.518205	5.1797523	1327
15_scAT_r1_C_GRCm38_bismark_bt2_pe.nonCG_filtered.deduplicated.bismark.cov	267876	114984	152892	0	1	267876	9.828372693094486E-5	6941.557497501373	5.359794	5.2310157	1327
15_scAT_r1_N_GRCm38_bismark_bt2_pe.nonCG_filtered.deduplicated.bismark.cov	415550	314354	101196	0	1	415550	1.5246532995174684E-4	1492.636489391327	1.114903	1.1248202	1327
15_scAT_r1_X_GRCm38_bismark_bt2_pe.nonCG_filtered.deduplicated.bismark.cov	307473	160926	146547	0	1	307473	1.1281186956143294E-4	6279.483023285866	4.871393	4.7320895	1327
15_scAT_r2_C_GRCm38_bismark_bt2_pe.nonCG_filtered.deduplicated.bismark.cov	209886	82344	127542	0	1	209886	7.70071910534288E-5	7273.274729728699	5.57425	5.480991	1327
15_scAT_r2_N_GRCm38_bismark_bt2_pe.nonCG_filtered.deduplicated.bismark.cov	315329	240530	74799	0	1	315329	1.1569423662219801E-4	2017.5042502880096	1.5130671	1.5203499	1327
15_scAT_r2_X_GRCm38_bismark_bt2_pe.nonCG_filtered.deduplicated.bismark.cov	216931	100761	116170	0	1	216931	7.959200214598098E-5	6852.648599624634	5.204692	5.1640153	1327
15_scAT_r3_C_GRCm38_bismark_bt2_pe.nonCG_filtered.deduplicated.bismark.cov	152419	60504	91915	0	1	152419	5.592254391990206E-5	7151.590739488602	5.52124	5.3892922	1327
15_scAT_r3_N_GRCm38_bismark_bt2_pe.nonCG_filtered.deduplicated.bismark.cov	220799	167768	53031	0	1	220799	8.101117167131693E-5	2693.5790586471558	2.0271914	2.029826	1327
15_scAT_r3_X_GRCm38_bismark_bt2_pe.nonCG_filtered.deduplicated.bismark.cov	173975	84518	89457	0	1	173975	6.383144213296874E-5	6593.8995542526245	5.108011	4.9690275	1327
16_BAT_r1_C_GRCm38_bismark_bt2_pe.nonCG_filtered.deduplicated.bismark.cov	98703	34908	63795	0	1	98703	3.621413900187046E-5	7325.619688510895	5.6626906	5.520437	1327
16_BAT_r1_N_GRCm38_bismark_bt2_pe.nonCG_filtered.deduplicated.bismark.cov	119994	86331	33663	0	1	119994	4.4025808692648084E-5	3860.059444665909	2.9069626	2.9088616	1327
16_BAT_r1_X_GRCm38_bismark_bt2_pe.nonCG_filtered.deduplicated.bismark.cov	110228	49233	60995	0	1	110228	4.044266247123367E-5	6697.411498069763	5.181437	5.047032	1327
16_BAT_r2_C_GRCm38_bismark_bt2_pe.nonCG_filtered.deduplicated.bismark.cov	164449	66893	97556	0	1	164449	6.0336351931740626E-5	7181.4420511722565	5.604288	5.4117875	1327
16_BAT_r2_N_GRCm38_bismark_bt2_pe.nonCG_filtered.deduplicated.bismark.cov	265422	190888	74534	0	1	265422	9.73833541245399E-5	2345.0765488147736	1.7616371	1.7672017	1327
16_BAT_r2_X_GRCm38_bismark_bt2_pe.nonCG_filtered.deduplicated.bismark.cov	195896	98888	97008	0	1	195896	7.187425887673542E-5	6453.219858646393	4.9368024	4.863014	1327
16_BAT_r3_C_GRCm38_bismark_bt2_pe.nonCG_filtered.deduplicated.bismark.cov	190771	76431	114340	0	1	190771	6.999389594567368E-5	7268.375049352646	5.5600114	5.4772983	1327
16_BAT_r3_N_GRCm38_bismark_bt2_pe.nonCG_filtered.deduplicated.bismark.cov	284755	208543	76212	0	1	284755	1.044766334506309E-4	2207.346392393112	1.6602037	1.663411	1327
16_BAT_r3_X_GRCm38_bismark_bt2_pe.nonCG_filtered.deduplicated.bismark.cov	218177	106327	111850	0	1	218177	8.004915965078155E-5	6617.689521789551	5.196429	4.986955	1327
16_Blood_r1_C_GRCm38_bismark_bt2_pe.nonCG_filtered.deduplicated.bismark.cov	102700	46899	55801	0	1	102700	3.768063863805655E-5	7200.766578197479	5.60542	5.42635	1327
16_Blood_r1_N_GRCm38_bismark_bt2_pe.nonCG_filtered.deduplicated.bismark.cov	154238	127034	27204	0	1	154238	5.658993517289744E-5	3378.8814034461975	2.5447667	2.5462558	1327
16_Blood_r1_X_GRCm38_bismark_bt2_pe.nonCG_filtered.deduplicated.bismark.cov	118389	66612	51777	0	1	118389	4.343693405765217E-5	6491.6887328624725	5.078393	4.8920035	1327
16_Blood_r2_C_GRCm38_bismark_bt2_pe.nonCG_filtered.deduplicated.bismark.cov	101267	46856	54411	0	1	101267	3.715487081752749E-5	7149.679673910141	5.6256924	5.387852	1327
16_Blood_r2_N_GRCm38_bismark_bt2_pe.nonCG_filtered.deduplicated.bismark.cov	155559	128622	26937	0	1	155559	5.707461018400623E-5	3370.138590335846	2.532463	2.5396674	1327
16_Blood_r2_X_GRCm38_bismark_bt2_pe.nonCG_filtered.deduplicated.bismark.cov	104766	54742	50024	0	1	104766	3.8438654211827005E-5	6746.6608543396	5.2547574	5.0841455	1327
16_Blood_r3_C_GRCm38_bismark_bt2_pe.nonCG_filtered.deduplicated.bismark.cov	203901	96983	106918	0	1	203901	7.481129405003282E-5	7129.682153701782	5.6159873	5.372782	1327
16_Blood_r3_N_GRCm38_bismark_bt2_pe.nonCG_filtered.deduplicated.bismark.cov	309303	254897	54406	0	1	309303	1.1348329671535352E-4	2056.7480063438416	1.5409042	1.5499232	1327
16_Blood_r3_X_GRCm38_bismark_bt2_pe.nonCG_filtered.deduplicated.bismark.cov	226369	127725	98644	0	1	226369	8.305480513980744E-5	6524.017404437065	5.1432514	4.9163656	1327
16_Liver_r1_C_GRCm38_bismark_bt2_pe.nonCG_filtered.deduplicated.bismark.cov	79724	37490	42234	0	1	79724	2.9250742305554243E-5	6968.874027252197	5.2338047	5.2516007	1327
16_Liver_r1_N_GRCm38_bismark_bt2_pe.nonCG_filtered.deduplicated.bismark.cov	156281	114466	41815	0	1	156281	5.733951204473336E-5	3355.8175728321075	2.5257826	2.5288754	1327
16_Liver_r1_X_GRCm38_bismark_bt2_pe.nonCG_filtered.deduplicated.bismark.cov	100910	56953	43957	0	1	100910	3.702388748750036E-5	6219.339174747467	4.8938212	4.6867666	1327
16_Liver_r2_C_GRCm38_bismark_bt2_pe.nonCG_filtered.deduplicated.bismark.cov	61938	26127	35811	0	1	61938	2.272505740958079E-5	7475.726192474365	5.597994	5.633554	1327
16_Liver_r2_N_GRCm38_bismark_bt2_pe.nonCG_filtered.deduplicated.bismark.cov	122107	89355	32752	0	1	122107	4.4801068570371684E-5	3827.0090482234955	2.8817792	2.8839555	1327
16_Liver_r2_X_GRCm38_bismark_bt2_pe.nonCG_filtered.deduplicated.bismark.cov	69950	34528	35422	0	1	69950	2.5664660883466954E-5	6915.914237976074	5.4224944	5.2116914	1327
16_Liver_r3_C_GRCm38_bismark_bt2_pe.nonCG_filtered.deduplicated.bismark.cov	48436	20805	27631	0	1	48436	1.7771172473932885E-5	7329.235696315765	5.367777	5.523162	1327
16_Liver_r3_N_GRCm38_bismark_bt2_pe.nonCG_filtered.deduplicated.bismark.cov	88133	63600	24533	0	1	88133	3.233600511283192E-5	4450.306882619858	3.352171	3.35366	1327
16_Liver_r3_X_GRCm38_bismark_bt2_pe.nonCG_filtered.deduplicated.bismark.cov	58929	30899	28030	0	1	58929	2.1621055056494982E-5	6655.224964141846	5.0848784	5.015241	1327
16_scAT_r1_C_GRCm38_bismark_bt2_pe.nonCG_filtered.deduplicated.bismark.cov	408326	178486	229840	0	1	408326	1.4981484374413905E-4	6965.154990911484	5.3796697	5.248798	1327
16_scAT_r1_N_GRCm38_bismark_bt2_pe.nonCG_filtered.deduplicated.bismark.cov	637501	477718	159783	0	1	637501	2.3389917051995805E-4	677.2512899041176	0.49749738	0.5103627	1327
16_scAT_r1_X_GRCm38_bismark_bt2_pe.nonCG_filtered.deduplicated.bismark.cov	476654	253186	223468	0	1	476654	1.7488439269118023E-4	6266.396059036255	4.876341	4.7222276	1327
16_scAT_r2_C_GRCm38_bismark_bt2_pe.nonCG_filtered.deduplicated.bismark.cov	202243	79972	122271	0	1	202243	7.420297371057909E-5	7302.013603448868	5.627766	5.502648	1327
16_scAT_r2_N_GRCm38_bismark_bt2_pe.nonCG_filtered.deduplicated.bismark.cov	296891	223100	73791	0	1	296891	1.0892933287138509E-4	2130.333259820938	1.5999918	1.6053755	1327
16_scAT_r2_X_GRCm38_bismark_bt2_pe.nonCG_filtered.deduplicated.bismark.cov	208730	96860	111870	0	1	208730	7.65830545561981E-5	6894.257207870483	5.4302154	5.195371	1327
16_scAT_r3_C_GRCm38_bismark_bt2_pe.nonCG_filtered.deduplicated.bismark.cov	259753	102330	157423	0	1	259753	9.530339754772254E-5	7205.566307783127	5.6452274	5.429967	1327
16_scAT_r3_N_GRCm38_bismark_bt2_pe.nonCG_filtered.deduplicated.bismark.cov	349362	261010	88352	0	1	349362	1.2818094718470023E-4	1818.4634467363358	1.3652022	1.3703568	1327
16_scAT_r3_X_GRCm38_bismark_bt2_pe.nonCG_filtered.deduplicated.bismark.cov	285246	135923	149323	0	1	285246	1.0465678139192872E-4	6664.118206977844	5.1316495	5.021943	1327
