7	58836996	58836996	1	20
7	58836996	58836996	2	20
12	14151983	14151983	1	9
12	14151983	14151983	2	10
12	22466735	22466735	1	13
12	22466735	22466735	2	13
4	140661793	140661793	1	10
4	140661793	140661793	2	10
9	111311706	111311706	1	8
9	111311706	111311706	2	8
3	95173166	95173166	1	7
3	95173166	95173166	2	7
11	75895201	75895201	1	9
11	75895201	75895201	2	8
8	8969146	8969146	1	15
8	8969146	8969146	2	15
8	121117104	121117104	1	21
8	121117104	121117104	2	21
1	63273286	63273286	1	4
1	63273286	63273286	2	4
8	25027972	25027972	1	14
8	25027972	25027972	2	14
7	58837119	58837119	1	8
7	58837119	58837119	2	7
3	95173181	95173181	1	6
3	95173181	95173181	2	6
5	111419488	111419488	1	15
5	111419488	111419488	2	15
5	135022262	135022262	1	15
5	135022262	135022262	2	15
10	120428504	120428504	1	20
10	120428504	120428504	2	20
19	5756875	5756875	1	8
19	5756875	5756875	2	8
6	110645953	110645953	1	9
6	110645953	110645953	2	8
5	131307602	131307602	1	18
5	131307602	131307602	2	17
6	83161434	83161434	1	13
6	83161434	83161434	2	13
5	111419939	111419939	1	11
5	111419939	111419939	2	11
3	95173328	95173328	1	7
3	95173328	95173328	2	7
19	40487657	40487657	1	18
19	40487657	40487657	2	18
15	98780773	98780773	1	13
15	98780773	98780773	2	13
3	29082978	29082978	1	6
3	29082978	29082978	2	6
7	19118279	19118279	1	11
7	19118279	19118279	2	11
9	110873863	110873863	1	10
9	110873863	110873863	2	11
6	90550611	90550611	1	21
6	90550611	90550611	2	21
3	158561376	158561376	1	6
3	158561376	158561376	2	6
15	26308812	26308812	1	4
15	26308812	26308812	2	4
10	79921218	79921218	1	6
10	79921218	79921218	2	5
14	21990803	21990803	1	11
14	21990803	21990803	2	11
12	22906211	22906211	1	8
12	22906211	22906211	2	8
16	18588908	18588908	1	10
16	18588908	18588908	2	10
10	79921819	79921819	1	12
10	79921819	79921819	2	12
4	99656966	99656966	1	10
4	99656966	99656966	2	10
11	61684617	61684617	1	13
11	61684617	61684617	2	13
16	33755524	33755524	1	12
16	33755524	33755524	2	12
12	19954358	19954358	1	5
12	19954358	19954358	2	5
7	115379735	115379735	1	13
7	115379735	115379735	2	13
2	74655649	74655649	1	7
2	74655649	74655649	2	7
11	69965628	69965628	1	17
11	69965628	69965628	2	17
4	105175583	105175583	1	8
4	105175583	105175583	2	8
7	44697263	44697263	1	8
7	44697263	44697263	2	8
4	78212190	78212190	1	11
4	78212190	78212190	2	11
12	14150198	14150198	1	13
12	14150198	14150198	2	13
13	18218741	18218741	1	20
13	18218741	18218741	2	20
8	99416670	99416670	1	2
8	99416670	99416670	2	2
9	111311765	111311765	1	13
9	111311765	111311765	2	13
11	90033352	90033352	1	6
11	90033352	90033352	2	6
11	61684760	61684760	1	9
11	61684760	61684760	2	9
10	80810385	80810385	1	12
10	80810385	80810385	2	12
4	123105473	123105473	1	8
4	123105473	123105473	2	8
8	69882206	69882206	1	9
8	69882206	69882206	2	9
8	69882233	69882233	1	8
8	69882233	69882233	2	8
11	35798308	35798308	1	1
11	35798308	35798308	2	1
8	48555184	48555184	1	12
8	48555184	48555184	2	11
11	69965631	69965631	1	17
11	69965631	69965631	2	17
12	14150167	14150167	1	15
12	14150167	14150167	2	15
8	87472974	87472974	1	6
8	87472974	87472974	2	6
6	88200056	88200056	1	9
6	88200056	88200056	2	9
2	30652644	30652644	1	7
2	30652644	30652644	2	7
12	22466826	22466826	1	15
12	22466826	22466826	2	15
5	69341468	69341468	1	10
5	69341468	69341468	2	10
1	109983116	109983116	1	9
1	109983116	109983116	2	9
15	98780779	98780779	1	14
15	98780779	98780779	2	14
4	140750337	140750337	1	9
4	140750337	140750337	2	9
10	75424632	75424632	1	16
10	75424632	75424632	2	16
19	61225696	61225696	1	2
19	61225696	61225696	2	2
9	45839573	45839573	1	10
9	45839573	45839573	2	8
5	81020087	81020087	1	3
5	81020087	81020087	2	3
18	61036161	61036161	1	14
18	61036161	61036161	2	14
12	84417643	84417643	1	12
12	84417643	84417643	2	12
11	98767348	98767348	1	5
11	98767348	98767348	2	6
12	19882419	19882419	1	7
12	19882419	19882419	2	7
7	28732605	28732605	1	7
7	28732605	28732605	2	7
11	57827286	57827286	1	10
11	57827286	57827286	2	10
3	124320988	124320988	1	6
3	124320988	124320988	2	4
18	58210351	58210351	1	4
18	58210351	58210351	2	4
2	54436805	54436805	1	9
2	54436805	54436805	2	9
4	156234042	156234042	1	17
4	156234042	156234042	2	18
4	83512457	83512457	1	6
4	83512457	83512457	2	6
15	87625501	87625501	1	8
15	87625501	87625501	2	7
17	35425822	35425822	1	28
17	35425822	35425822	2	28
5	89882485	89882485	1	7
5	89882485	89882485	2	7
8	84784807	84784807	1	10
8	84784807	84784807	2	10
16	18588889	18588889	1	9
16	18588889	18588889	2	9
4	114912901	114912901	1	9
4	114912901	114912901	2	9
12	109408943	109408943	1	12
12	109408943	109408943	2	12
8	8969126	8969126	1	16
8	8969126	8969126	2	16
2	133553339	133553339	1	3
2	133553339	133553339	2	3
4	25799668	25799668	1	11
4	25799668	25799668	2	11
5	131538153	131538153	1	7
5	131538153	131538153	2	7
8	120268743	120268743	1	15
8	120268743	120268743	2	15
4	131916023	131916023	1	6
4	131916023	131916023	2	6
12	46819305	46819305	1	2
12	46819305	46819305	2	2
6	94281701	94281701	1	12
6	94281701	94281701	2	12
15	72546959	72546959	1	17
15	72546959	72546959	2	18
2	130638082	130638082	1	9
2	130638082	130638082	2	10
8	84912704	84912704	1	17
8	84912704	84912704	2	17
4	81442919	81442919	1	7
4	81442919	81442919	2	7
17	26439144	26439144	1	11
17	26439144	26439144	2	11
11	83851560	83851560	1	14
11	83851560	83851560	2	14
10	114801481	114801481	1	3
10	114801481	114801481	2	3
8	17535333	17535333	1	2
8	17535333	17535333	2	2
17	36216394	36216394	1	5
17	36216394	36216394	2	5
6	122609544	122609544	1	19
6	122609544	122609544	2	19
18	9214905	9214905	1	16
18	9214905	9214905	2	18
5	131538133	131538133	1	9
5	131538133	131538133	2	9
16	20804402	20804402	1	12
16	20804402	20804402	2	12
9	21037816	21037816	1	11
9	21037816	21037816	2	11
2	133554559	133554559	1	8
2	133554559	133554559	2	8
12	19704276	19704276	1	8
12	19704276	19704276	2	8
2	63184245	63184245	1	7
2	63184245	63184245	2	7
6	83161570	83161570	1	12
6	83161570	83161570	2	12
18	59175739	59175739	1	12
18	59175739	59175739	2	12
3	158561364	158561364	1	6
3	158561364	158561364	2	6
4	147276021	147276021	1	7
4	147276021	147276021	2	7
19	61225630	61225630	1	3
19	61225630	61225630	2	3
17	36216209	36216209	1	14
17	36216209	36216209	2	14
7	27657955	27657955	1	15
7	27657955	27657955	2	15
9	91364483	91364483	1	4
9	91364483	91364483	2	4
2	57111502	57111502	1	3
2	57111502	57111502	2	3
10	70599111	70599111	1	11
10	70599111	70599111	2	11
13	112443509	112443509	1	18
13	112443509	112443509	2	18
10	103028768	103028768	1	3
10	103028768	103028768	2	3
19	5742376	5742376	1	7
19	5742376	5742376	2	7
12	49383670	49383670	1	3
12	49383670	49383670	2	3
2	61815608	61815608	1	1
2	61815608	61815608	2	1
18	22344063	22344063	1	5
18	22344063	22344063	2	5
12	108328044	108328044	1	11
12	108328044	108328044	2	11
19	5751185	5751185	1	22
19	5751185	5751185	2	21
4	134402541	134402541	1	16
4	134402541	134402541	2	16
4	123105471	123105471	1	8
4	123105471	123105471	2	8
1	55363551	55363551	1	11
1	55363551	55363551	2	11
8	48555065	48555065	1	20
8	48555065	48555065	2	20
12	46819179	46819179	1	1
12	46819179	46819179	2	1
10	103029442	103029442	1	13
10	103029442	103029442	2	12
13	41078865	41078865	1	22
13	41078865	41078865	2	22
11	116108298	116108298	1	14
11	116108298	116108298	2	14
1	42697622	42697622	1	3
1	42697622	42697622	2	3
19	37693429	37693429	1	18
19	37693429	37693429	2	18
1	185455219	185455219	1	13
1	185455219	185455219	2	13
3	124321088	124321088	1	10
3	124321088	124321088	2	12
11	61147591	61147591	1	12
11	61147591	61147591	2	13
11	96007033	96007033	1	3
11	96007033	96007033	2	3
8	121117019	121117019	1	20
8	121117019	121117019	2	21
4	46344139	46344139	1	4
4	46344139	46344139	2	4
13	60176260	60176260	1	17
13	60176260	60176260	2	16
13	41220504	41220504	1	3
13	41220504	41220504	2	3
17	62880471	62880471	1	4
17	62880471	62880471	2	4
7	70361446	70361446	1	3
7	70361446	70361446	2	3
1	42491877	42491877	1	14
1	42491877	42491877	2	14
7	133124588	133124588	1	5
7	133124588	133124588	2	5
1	89931154	89931154	1	15
1	89931154	89931154	2	15
3	62340384	62340384	1	12
3	62340384	62340384	2	12
7	99539905	99539905	1	6
7	99539905	99539905	2	6
7	143476101	143476101	1	11
7	143476101	143476101	2	11
18	22343957	22343957	1	8
18	22343957	22343957	2	8
4	76449811	76449811	1	6
4	76449811	76449811	2	6
12	20312159	20312159	1	7
12	20312159	20312159	2	7
7	134225114	134225114	1	7
7	134225114	134225114	2	7
8	92855486	92855486	1	18
8	92855486	92855486	2	18
7	118596514	118596514	1	8
7	118596514	118596514	2	8
15	98895289	98895289	1	15
15	98895289	98895289	2	15
10	109010638	109010638	1	5
10	109010638	109010638	2	5
8	78436416	78436416	1	8
8	78436416	78436416	2	8
16	35156527	35156527	1	3
16	35156527	35156527	2	3
19	6830384	6830384	1	16
19	6830384	6830384	2	16
16	9995609	9995609	1	19
16	9995609	9995609	2	19
1	13126903	13126903	1	9
1	13126903	13126903	2	9
11	96345964	96345964	1	10
11	96345964	96345964	2	10
4	146067697	146067697	1	15
4	146067697	146067697	2	15
17	62880488	62880488	1	7
17	62880488	62880488	2	7
4	148952705	148952705	1	9
4	148952705	148952705	2	9
11	53478875	53478875	1	14
11	53478875	53478875	2	14
7	37624410	37624410	1	9
7	37624410	37624410	2	9
4	43632236	43632236	1	5
4	43632236	43632236	2	5
17	68841158	68841158	1	12
17	68841158	68841158	2	13
11	33203583	33203583	1	15
11	33203583	33203583	2	15
19	27217362	27217362	1	2
19	27217362	27217362	2	2
2	77816438	77816438	1	18
2	77816438	77816438	2	18
5	101765744	101765744	1	9
5	101765744	101765744	2	9
15	95527878	95527878	1	6
15	95527878	95527878	2	6
6	63257495	63257495	1	6
6	63257495	63257495	2	7
11	21993733	21993733	1	9
11	21993733	21993733	2	9
18	65505742	65505742	1	11
18	65505742	65505742	2	11
19	43833663	43833663	1	5
19	43833663	43833663	2	5
15	102460354	102460354	1	19
15	102460354	102460354	2	19
17	35439634	35439634	1	30
17	35439634	35439634	2	29
8	125669727	125669727	1	16
8	125669727	125669727	2	16
17	32659592	32659592	1	19
17	32659592	32659592	2	18
10	33624566	33624566	1	9
10	33624566	33624566	2	9
5	50034059	50034059	1	11
5	50034059	50034059	2	11
5	146461780	146461780	1	10
5	146461780	146461780	2	10
13	60687073	60687073	1	23
13	60687073	60687073	2	23
14	63123900	63123900	1	14
14	63123900	63123900	2	14
11	102399398	102399398	1	5
11	102399398	102399398	2	5
5	125918109	125918109	1	11
5	125918109	125918109	2	11
14	61689834	61689834	1	13
14	61689834	61689834	2	12
11	102480494	102480494	1	15
11	102480494	102480494	2	15
5	111229233	111229233	1	8
5	111229233	111229233	2	8
11	59312571	59312571	1	18
11	59312571	59312571	2	18
8	117856271	117856271	1	9
8	117856271	117856271	2	9
8	11356829	11356829	1	12
8	11356829	11356829	2	12
4	43425437	43425437	1	20
4	43425437	43425437	2	20
10	121161559	121161559	1	9
10	121161559	121161559	2	9
5	64045677	64045677	1	9
5	64045677	64045677	2	10
8	84918147	84918147	1	10
8	84918147	84918147	2	10
10	120558188	120558188	1	10
10	120558188	120558188	2	10
3	127123714	127123714	1	12
3	127123714	127123714	2	12
13	60687050	60687050	1	23
13	60687050	60687050	2	23
6	145710152	145710152	1	15
6	145710152	145710152	2	17
19	34746667	34746667	1	20
19	34746667	34746667	2	19
19	43833683	43833683	1	4
19	43833683	43833683	2	4
15	79879275	79879275	1	10
15	79879275	79879275	2	10
7	58836954	58836954	1	17
7	58836954	58836954	2	17
1	85109189	85109189	1	25
1	85109189	85109189	2	25
17	35439648	35439648	1	32
17	35439648	35439648	2	32
2	93365728	93365728	1	16
2	93365728	93365728	2	16
7	99594858	99594858	1	12
7	99594858	99594858	2	11
12	19954370	19954370	1	4
12	19954370	19954370	2	4
13	38503124	38503124	1	11
13	38503124	38503124	2	11
9	44692257	44692257	1	18
9	44692257	44692257	2	18
4	135155356	135155356	1	7
4	135155356	135155356	2	8
15	26895770	26895770	1	9
15	26895770	26895770	2	9
2	63184163	63184163	1	10
2	63184163	63184163	2	10
16	28596352	28596352	1	21
16	28596352	28596352	2	22
9	55546219	55546219	1	9
9	55546219	55546219	2	9
12	61524739	61524739	1	7
12	61524739	61524739	2	7
11	79140423	79140423	1	18
11	79140423	79140423	2	18
6	129451759	129451759	1	18
6	129451759	129451759	2	18
5	142963620	142963620	1	12
5	142963620	142963620	2	12
7	138397946	138397946	1	10
7	138397946	138397946	2	10
11	20762369	20762369	1	0
11	20762369	20762369	2	0
11	82580265	82580265	1	18
11	82580265	82580265	2	19
1	126925769	126925769	1	13
1	126925769	126925769	2	13
6	134388746	134388746	1	13
6	134388746	134388746	2	13
14	67146752	67146752	1	12
14	67146752	67146752	2	11
17	56763026	56763026	1	1
17	56763026	56763026	2	1
16	21205921	21205921	1	9
16	21205921	21205921	2	9
8	34810101	34810101	1	12
8	34810101	34810101	2	12
12	18853854	18853854	1	4
12	18853854	18853854	2	4
2	131524854	131524854	1	18
2	131524854	131524854	2	18
9	83111477	83111477	1	14
9	83111477	83111477	2	14
7	133124788	133124788	1	12
7	133124788	133124788	2	13
9	110873915	110873915	1	9
9	110873915	110873915	2	9
5	120463254	120463254	1	16
5	120463254	120463254	2	15
12	56438729	56438729	1	11
12	56438729	56438729	2	11
9	110684580	110684580	1	6
9	110684580	110684580	2	6
2	164171874	164171874	1	8
2	164171874	164171874	2	8
2	154221007	154221007	1	25
2	154221007	154221007	2	25
2	147180836	147180836	1	7
2	147180836	147180836	2	7
12	20196411	20196411	1	6
12	20196411	20196411	2	6
5	120462994	120462994	1	3
5	120462994	120462994	2	3
4	127419212	127419212	1	14
4	127419212	127419212	2	14
5	3193814	3193814	1	14
5	3193814	3193814	2	14
17	25568593	25568593	1	16
17	25568593	25568593	2	16
7	4845027	4845027	1	4
7	4845027	4845027	2	4
10	120422379	120422379	1	12
10	120422379	120422379	2	12
8	84918158	84918158	1	11
8	84918158	84918158	2	11
9	14718160	14718160	1	22
9	14718160	14718160	2	22
7	80081360	80081360	1	7
7	80081360	80081360	2	7
8	105259345	105259345	1	21
8	105259345	105259345	2	21
12	20312384	20312384	1	9
12	20312384	20312384	2	9
10	44456843	44456843	1	11
10	44456843	44456843	2	11
2	59829395	59829395	1	14
2	59829395	59829395	2	14
8	117856328	117856328	1	12
8	117856328	117856328	2	12
3	84478979	84478979	1	19
3	84478979	84478979	2	20
17	69439607	69439607	1	1
17	69439607	69439607	2	1
8	104555391	104555391	1	16
8	104555391	104555391	2	16
8	120832255	120832255	1	20
8	120832255	120832255	2	20
13	100752695	100752695	1	17
13	100752695	100752695	2	17
4	132181860	132181860	1	14
4	132181860	132181860	2	13
16	21247270	21247270	1	9
16	21247270	21247270	2	9
8	84771960	84771960	1	16
8	84771960	84771960	2	15
10	88390758	88390758	1	10
10	88390758	88390758	2	10
10	5491389	5491389	1	10
10	5491389	5491389	2	9
14	61689950	61689950	1	8
14	61689950	61689950	2	8
4	137189526	137189526	1	10
4	137189526	137189526	2	10
3	17787694	17787694	1	17
3	17787694	17787694	2	17
14	63123892	63123892	1	13
14	63123892	63123892	2	13
10	61632621	61632621	1	11
10	61632621	61632621	2	11
11	102606002	102606002	1	10
11	102606002	102606002	2	10
11	69119878	69119878	1	6
11	69119878	69119878	2	6
4	124594956	124594956	1	7
4	124594956	124594956	2	8
17	28926372	28926372	1	20
17	28926372	28926372	2	21
10	4430456	4430456	1	13
10	4430456	4430456	2	13
4	127971649	127971649	1	7
4	127971649	127971649	2	7
2	33975929	33975929	1	15
2	33975929	33975929	2	15
4	148070112	148070112	1	16
4	148070112	148070112	2	16
4	58206296	58206296	1	13
4	58206296	58206296	2	13
6	86505758	86505758	1	4
6	86505758	86505758	2	4
14	61689932	61689932	1	14
14	61689932	61689932	2	14
4	74013920	74013920	1	9
4	74013920	74013920	2	10
6	83135560	83135560	1	7
6	83135560	83135560	2	7
4	8939035	8939035	1	22
4	8939035	8939035	2	22
8	84731629	84731629	1	3
8	84731629	84731629	2	3
2	122665822	122665822	1	15
2	122665822	122665822	2	15
6	8957108	8957108	1	11
6	8957108	8957108	2	11
11	85886588	85886588	1	19
11	85886588	85886588	2	19
19	37918755	37918755	1	11
19	37918755	37918755	2	11
11	22007183	22007183	1	11
11	22007183	22007183	2	11
12	112665757	112665757	1	15
12	112665757	112665757	2	14
19	6565364	6565364	1	11
19	6565364	6565364	2	11
15	73176975	73176975	1	19
15	73176975	73176975	2	20
5	75922099	75922099	1	10
5	75922099	75922099	2	10
5	112979308	112979308	1	6
5	112979308	112979308	2	6
5	73538999	73538999	1	10
5	73538999	73538999	2	10
3	100395083	100395083	1	14
3	100395083	100395083	2	14
5	117308078	117308078	1	4
5	117308078	117308078	2	3
9	64918722	64918722	1	16
9	64918722	64918722	2	16
19	56631595	56631595	1	12
19	56631595	56631595	2	12
8	127828007	127828007	1	15
8	127828007	127828007	2	15
11	96332814	96332814	1	11
11	96332814	96332814	2	11
8	34810240	34810240	1	13
8	34810240	34810240	2	13
11	4954035	4954035	1	10
11	4954035	4954035	2	10
15	100728625	100728625	1	14
15	100728625	100728625	2	14
12	110855343	110855343	1	9
12	110855343	110855343	2	9
6	72676083	72676083	1	12
6	72676083	72676083	2	12
17	35425290	35425290	1	33
17	35425290	35425290	2	33
19	6830204	6830204	1	10
19	6830204	6830204	2	11
7	128182014	128182014	1	6
7	128182014	128182014	2	6
8	120268534	120268534	1	7
8	120268534	120268534	2	7
16	18624828	18624828	1	12
16	18624828	18624828	2	12
2	158191198	158191198	1	18
2	158191198	158191198	2	18
11	20477838	20477838	1	9
11	20477838	20477838	2	9
12	22745402	22745402	1	8
12	22745402	22745402	2	8
4	147738779	147738779	1	15
4	147738779	147738779	2	16
7	34647299	34647299	1	19
7	34647299	34647299	2	19
18	25753144	25753144	1	4
18	25753144	25753144	2	4
12	111998696	111998696	1	22
12	111998696	111998696	2	20
2	124938346	124938346	1	7
2	124938346	124938346	2	7
3	132871461	132871461	1	5
3	132871461	132871461	2	5
9	104874038	104874038	1	16
9	104874038	104874038	2	17
18	9214913	9214913	1	20
18	9214913	9214913	2	19
5	115533582	115533582	1	5
5	115533582	115533582	2	6
17	88791846	88791846	1	6
17	88791846	88791846	2	6
11	53508268	53508268	1	14
11	53508268	53508268	2	14
7	80845973	80845973	1	8
7	80845973	80845973	2	8
1	134998387	134998387	1	4
1	134998387	134998387	2	4
12	18514577	18514577	1	11
12	18514577	18514577	2	11
16	4419191	4419191	1	13
16	4419191	4419191	2	13
12	49391311	49391311	1	11
12	49391311	49391311	2	11
18	83051675	83051675	1	14
18	83051675	83051675	2	15
14	75192890	75192890	1	11
14	75192890	75192890	2	11
17	71986386	71986386	1	25
17	71986386	71986386	2	25
11	113499146	113499146	1	11
11	113499146	113499146	2	11
9	119146607	119146607	1	27
9	119146607	119146607	2	28
1	135374460	135374460	1	18
1	135374460	135374460	2	18
4	120369702	120369702	1	16
4	120369702	120369702	2	16
2	63184156	63184156	1	10
2	63184156	63184156	2	10
15	76090097	76090097	1	8
15	76090097	76090097	2	8
15	87625507	87625507	1	6
15	87625507	87625507	2	5
6	83702581	83702581	1	13
6	83702581	83702581	2	13
19	45078654	45078654	1	16
19	45078654	45078654	2	16
5	150599707	150599707	1	15
5	150599707	150599707	2	15
11	51647045	51647045	1	9
11	51647045	51647045	2	8
9	107993263	107993263	1	22
9	107993263	107993263	2	20
13	112443517	112443517	1	18
13	112443517	112443517	2	18
11	12756587	12756587	1	0
11	12756587	12756587	2	0
2	172042259	172042259	1	13
2	172042259	172042259	2	13
13	102639929	102639929	1	4
13	102639929	102639929	2	4
10	7839844	7839844	1	16
10	7839844	7839844	2	16
8	61283939	61283939	1	13
8	61283939	61283939	2	13
13	71959658	71959658	1	16
13	71959658	71959658	2	16
17	35439620	35439620	1	25
17	35439620	35439620	2	25
6	134388730	134388730	1	9
6	134388730	134388730	2	9
17	49435258	49435258	1	15
17	49435258	49435258	2	15
8	35588987	35588987	1	20
8	35588987	35588987	2	20
13	10045858	10045858	1	8
13	10045858	10045858	2	8
3	138644699	138644699	1	14
3	138644699	138644699	2	14
13	114933593	114933593	1	15
13	114933593	114933593	2	15
8	108715701	108715701	1	1
8	108715701	108715701	2	1
4	76449960	76449960	1	15
4	76449960	76449960	2	15
10	79881969	79881969	1	12
10	79881969	79881969	2	12
15	71727965	71727965	1	11
15	71727965	71727965	2	11
4	109974787	109974787	1	20
4	109974787	109974787	2	20
13	97291295	97291295	1	9
13	97291295	97291295	2	10
8	47352471	47352471	1	10
8	47352471	47352471	2	10
5	97935757	97935757	1	13
5	97935757	97935757	2	13
4	133579872	133579872	1	8
4	133579872	133579872	2	8
15	89068300	89068300	1	12
15	89068300	89068300	2	12
10	98343301	98343301	1	0
10	98343301	98343301	2	0
18	31939300	31939300	1	15
18	31939300	31939300	2	15
1	132767697	132767697	1	20
1	132767697	132767697	2	21
12	22745383	22745383	1	9
12	22745383	22745383	2	9
5	71095917	71095917	1	6
5	71095917	71095917	2	6
1	164693668	164693668	1	0
1	164693668	164693668	2	0
2	165407774	165407774	1	18
2	165407774	165407774	2	18
2	127552852	127552852	1	12
2	127552852	127552852	2	12
14	74643113	74643113	1	12
14	74643113	74643113	2	12
16	94123505	94123505	1	23
16	94123505	94123505	2	23
10	60685807	60685807	1	17
10	60685807	60685807	2	17
12	22906098	22906098	1	11
12	22906098	22906098	2	11
19	7096468	7096468	1	18
19	7096468	7096468	2	18
1	58165381	58165381	1	7
1	58165381	58165381	2	7
12	85475616	85475616	1	10
12	85475616	85475616	2	10
4	83285066	83285066	1	12
4	83285066	83285066	2	12
11	116108405	116108405	1	18
11	116108405	116108405	2	20
3	135698636	135698636	1	18
3	135698636	135698636	2	18
3	148918425	148918425	1	14
3	148918425	148918425	2	14
12	20197016	20197016	1	7
12	20197016	20197016	2	7
7	4845135	4845135	1	9
7	4845135	4845135	2	9
15	73893927	73893927	1	13
15	73893927	73893927	2	14
8	23043941	23043941	1	5
8	23043941	23043941	2	5
6	82091890	82091890	1	16
6	82091890	82091890	2	16
7	44697236	44697236	1	7
7	44697236	44697236	2	7
9	119028888	119028888	1	17
9	119028888	119028888	2	17
7	45405500	45405500	1	16
7	45405500	45405500	2	16
5	137310258	137310258	1	10
5	137310258	137310258	2	10
14	4726410	4726410	1	0
14	4726410	4726410	2	0
17	25867240	25867240	1	8
17	25867240	25867240	2	8
4	140750480	140750480	1	9
4	140750480	140750480	2	9
16	32696999	32696999	1	11
16	32696999	32696999	2	11
3	84478982	84478982	1	21
3	84478982	84478982	2	21
7	27657930	27657930	1	18
7	27657930	27657930	2	18
16	91447599	91447599	1	5
16	91447599	91447599	2	5
12	20614980	20614980	1	12
12	20614980	20614980	2	12
2	74682449	74682449	1	10
2	74682449	74682449	2	10
10	21882266	21882266	1	3
10	21882266	21882266	2	3
11	90687994	90687994	1	18
11	90687994	90687994	2	18
11	120630508	120630508	1	12
11	120630508	120630508	2	12
5	21373040	21373040	1	17
5	21373040	21373040	2	17
5	92928120	92928120	1	16
5	92928120	92928120	2	14
8	94905175	94905175	1	8
8	94905175	94905175	2	8
11	42182447	42182447	1	22
11	42182447	42182447	2	22
2	7063783	7063783	1	9
2	7063783	7063783	2	9
3	98991488	98991488	1	10
3	98991488	98991488	2	10
9	107305992	107305992	1	10
9	107305992	107305992	2	9
10	120558197	120558197	1	10
10	120558197	120558197	2	10
8	92063762	92063762	1	14
8	92063762	92063762	2	12
1	13659712	13659712	1	16
1	13659712	13659712	2	16
6	29496474	29496474	1	6
6	29496474	29496474	2	6
5	72219795	72219795	1	27
5	72219795	72219795	2	27
11	22007227	22007227	1	15
11	22007227	22007227	2	15
8	84201708	84201708	1	17
8	84201708	84201708	2	17
9	71215446	71215446	1	7
9	71215446	71215446	2	7
12	22906237	22906237	1	13
12	22906237	22906237	2	13
10	44206135	44206135	1	0
10	44206135	44206135	2	0
8	120832236	120832236	1	20
8	120832236	120832236	2	20
2	93365751	93365751	1	18
2	93365751	93365751	2	15
11	42182440	42182440	1	20
11	42182440	42182440	2	21
7	99510167	99510167	1	10
7	99510167	99510167	2	10
5	27261779	27261779	1	6
5	27261779	27261779	2	6
5	129155543	129155543	1	7
5	129155543	129155543	2	6
10	122738407	122738407	1	15
10	122738407	122738407	2	16
17	29434835	29434835	1	8
17	29434835	29434835	2	9
18	82545776	82545776	1	12
18	82545776	82545776	2	12
11	81371989	81371989	1	4
11	81371989	81371989	2	4
12	109408834	109408834	1	11
12	109408834	109408834	2	11
11	88687323	88687323	1	15
11	88687323	88687323	2	15
5	122950716	122950716	1	21
5	122950716	122950716	2	20
11	29825373	29825373	1	15
11	29825373	29825373	2	15
11	94591678	94591678	1	9
11	94591678	94591678	2	10
10	60944331	60944331	1	18
10	60944331	60944331	2	18
3	101367450	101367450	1	13
3	101367450	101367450	2	13
19	43601519	43601519	1	15
19	43601519	43601519	2	15
2	57111641	57111641	1	9
2	57111641	57111641	2	9
2	147180936	147180936	1	14
2	147180936	147180936	2	14
11	93098216	93098216	1	7
11	93098216	93098216	2	7
5	128601886	128601886	1	23
5	128601886	128601886	2	23
3	52180554	52180554	1	16
3	52180554	52180554	2	16
4	146475324	146475324	1	14
4	146475324	146475324	2	14
2	152156224	152156224	1	13
2	152156224	152156224	2	13
7	102106941	102106941	1	6
7	102106941	102106941	2	6
18	42395730	42395730	1	18
18	42395730	42395730	2	18
8	125669766	125669766	1	13
8	125669766	125669766	2	13
19	30451132	30451132	1	20
19	30451132	30451132	2	20
2	75425568	75425568	1	11
2	75425568	75425568	2	11
8	70742982	70742982	1	9
8	70742982	70742982	2	10
4	53264088	53264088	1	9
4	53264088	53264088	2	9
9	53390605	53390605	1	20
9	53390605	53390605	2	20
13	18218858	18218858	1	17
13	18218858	18218858	2	17
6	88019697	88019697	1	5
6	88019697	88019697	2	5
4	117749676	117749676	1	7
4	117749676	117749676	2	7
17	44129495	44129495	1	17
17	44129495	44129495	2	17
7	19734468	19734468	1	14
7	19734468	19734468	2	14
12	22466728	22466728	1	15
12	22466728	22466728	2	15
13	76384398	76384398	1	9
13	76384398	76384398	2	9
3	82876385	82876385	1	2
3	82876385	82876385	2	2
14	70079771	70079771	1	5
14	70079771	70079771	2	5
2	93014386	93014386	1	5
2	93014386	93014386	2	4
16	30171950	30171950	1	12
16	30171950	30171950	2	12
4	130037399	130037399	1	9
4	130037399	130037399	2	9
14	54408731	54408731	1	20
14	54408731	54408731	2	20
11	90033356	90033356	1	6
11	90033356	90033356	2	6
11	87240694	87240694	1	22
11	87240694	87240694	2	23
13	60348033	60348033	1	13
13	60348033	60348033	2	13
19	6934317	6934317	1	9
19	6934317	6934317	2	9
9	118468350	118468350	1	15
9	118468350	118468350	2	15
6	31613185	31613185	1	23
6	31613185	31613185	2	23
13	58806665	58806665	1	12
13	58806665	58806665	2	12
14	65326541	65326541	1	11
14	65326541	65326541	2	11
11	67675679	67675679	1	19
11	67675679	67675679	2	20
6	51012356	51012356	1	17
6	51012356	51012356	2	18
7	81453980	81453980	1	4
7	81453980	81453980	2	4
1	112416723	112416723	1	11
1	112416723	112416723	2	11
9	65180674	65180674	1	6
9	65180674	65180674	2	6
8	12390001	12390001	1	8
8	12390001	12390001	2	8
12	76215187	76215187	1	16
12	76215187	76215187	2	12
17	35702277	35702277	1	18
17	35702277	35702277	2	18
18	10441000	10441000	1	0
18	10441000	10441000	2	0
11	119267697	119267697	1	12
11	119267697	119267697	2	12
7	16912563	16912563	1	18
7	16912563	16912563	2	18
4	152375020	152375020	1	9
4	152375020	152375020	2	9
1	120600185	120600185	1	19
1	120600185	120600185	2	18
6	88194839	88194839	1	14
6	88194839	88194839	2	14
17	41751583	41751583	1	11
17	41751583	41751583	2	11
6	25690201	25690201	1	10
6	25690201	25690201	2	10
9	42898296	42898296	1	23
9	42898296	42898296	2	23
14	43122171	43122171	1	13
14	43122171	43122171	2	13
14	122462914	122462914	1	14
14	122462914	122462914	2	14
2	29195635	29195635	1	11
2	29195635	29195635	2	11
2	131561342	131561342	1	9
2	131561342	131561342	2	9
11	4949389	4949389	1	9
11	4949389	4949389	2	9
7	51511339	51511339	1	7
7	51511339	51511339	2	6
6	23247720	23247720	1	7
6	23247720	23247720	2	7
6	114738601	114738601	1	4
6	114738601	114738601	2	5
8	89572047	89572047	1	7
8	89572047	89572047	2	7
10	109010551	109010551	1	3
10	109010551	109010551	2	3
7	127136110	127136110	1	11
7	127136110	127136110	2	11
16	65815006	65815006	1	8
16	65815006	65815006	2	8
6	63257484	63257484	1	8
6	63257484	63257484	2	8
14	93891076	93891076	1	14
14	93891076	93891076	2	13
8	25098297	25098297	1	18
8	25098297	25098297	2	18
11	79899821	79899821	1	17
11	79899821	79899821	2	17
3	45380703	45380703	1	16
3	45380703	45380703	2	16
11	108039122	108039122	1	14
11	108039122	108039122	2	14
15	102460331	102460331	1	17
15	102460331	102460331	2	17
8	70816874	70816874	1	8
8	70816874	70816874	2	9
4	91400608	91400608	1	9
4	91400608	91400608	2	9
12	109511992	109511992	1	13
12	109511992	109511992	2	12
19	18624451	18624451	1	22
19	18624451	18624451	2	22
14	65676372	65676372	1	18
14	65676372	65676372	2	18
9	64078360	64078360	1	10
9	64078360	64078360	2	10
19	8965882	8965882	1	5
19	8965882	8965882	2	5
10	70121162	70121162	1	13
10	70121162	70121162	2	13
2	158554597	158554597	1	20
2	158554597	158554597	2	20
11	117250286	117250286	1	6
11	117250286	117250286	2	6
8	105277535	105277535	1	15
8	105277535	105277535	2	15
9	56897793	56897793	1	11
9	56897793	56897793	2	11
17	28298325	28298325	1	6
17	28298325	28298325	2	6
8	72762603	72762603	1	10
8	72762603	72762603	2	10
2	168842301	168842301	1	8
2	168842301	168842301	2	8
13	101879935	101879935	1	20
13	101879935	101879935	2	20
7	81858544	81858544	1	15
7	81858544	81858544	2	15
8	35589003	35589003	1	21
8	35589003	35589003	2	21
11	117235563	117235563	1	12
11	117235563	117235563	2	12
8	72741657	72741657	1	11
8	72741657	72741657	2	11
1	89992391	89992391	1	12
1	89992391	89992391	2	10
12	27341791	27341791	1	9
12	27341791	27341791	2	9
19	5071399	5071399	1	10
19	5071399	5071399	2	10
17	34185742	34185742	1	15
17	34185742	34185742	2	14
10	59970251	59970251	1	12
10	59970251	59970251	2	12
7	49348555	49348555	1	8
7	49348555	49348555	2	8
16	11494994	11494994	1	8
16	11494994	11494994	2	8
17	23743834	23743834	1	8
17	23743834	23743834	2	8
3	50879680	50879680	1	14
3	50879680	50879680	2	14
10	80988204	80988204	1	11
10	80988204	80988204	2	11
15	100462104	100462104	1	13
15	100462104	100462104	2	13
5	120579817	120579817	1	10
5	120579817	120579817	2	10
6	142702087	142702087	1	9
6	142702087	142702087	2	8
13	119741978	119741978	1	20
13	119741978	119741978	2	19
6	31208190	31208190	1	10
6	31208190	31208190	2	10
17	29494637	29494637	1	13
17	29494637	29494637	2	13
6	105677846	105677846	1	5
6	105677846	105677846	2	5
6	84266818	84266818	1	11
6	84266818	84266818	2	11
11	96005005	96005005	1	6
11	96005005	96005005	2	6
16	21205884	21205884	1	7
16	21205884	21205884	2	7
2	143546106	143546106	1	11
2	143546106	143546106	2	11
12	101012426	101012426	1	17
12	101012426	101012426	2	17
2	163551657	163551657	1	13
2	163551657	163551657	2	13
10	83384139	83384139	1	9
10	83384139	83384139	2	9
5	37890722	37890722	1	24
5	37890722	37890722	2	25
11	98042810	98042810	1	5
11	98042810	98042810	2	4
11	24523596	24523596	1	0
11	24523596	24523596	2	0
14	59840574	59840574	1	17
14	59840574	59840574	2	17
7	140915648	140915648	1	4
7	140915648	140915648	2	4
18	65501441	65501441	1	7
18	65501441	65501441	2	7
13	53257187	53257187	1	13
13	53257187	53257187	2	13
8	48843046	48843046	1	9
8	48843046	48843046	2	9
4	62625798	62625798	1	20
4	62625798	62625798	2	18
1	101902585	101902585	1	17
1	101902585	101902585	2	17
11	120641815	120641815	1	11
11	120641815	120641815	2	11
14	17483381	17483381	1	14
14	17483381	17483381	2	14
6	28114365	28114365	1	13
6	28114365	28114365	2	13
18	38703335	38703335	1	9
18	38703335	38703335	2	9
12	111445885	111445885	1	10
12	111445885	111445885	2	10
10	116346878	116346878	1	6
10	116346878	116346878	2	6
3	14393935	14393935	1	20
3	14393935	14393935	2	20
6	114738433	114738433	1	8
6	114738433	114738433	2	7
1	152956175	152956175	1	13
1	152956175	152956175	2	13
13	54178642	54178642	1	10
13	54178642	54178642	2	11
14	51054369	51054369	1	10
14	51054369	51054369	2	10
1	179842633	179842633	1	13
1	179842633	179842633	2	13
2	180273934	180273934	1	18
2	180273934	180273934	2	18
5	116591634	116591634	1	7
5	116591634	116591634	2	7
11	51786085	51786085	1	17
11	51786085	51786085	2	17
2	74682458	74682458	1	8
2	74682458	74682458	2	8
9	27193937	27193937	1	14
9	27193937	27193937	2	14
5	77532700	77532700	1	17
5	77532700	77532700	2	17
7	4845117	4845117	1	8
7	4845117	4845117	2	8
2	178558221	178558221	1	11
2	178558221	178558221	2	11
1	132951989	132951989	1	10
1	132951989	132951989	2	10
2	16400594	16400594	1	6
2	16400594	16400594	2	6
5	143253193	143253193	1	11
5	143253193	143253193	2	12
16	44746673	44746673	1	10
16	44746673	44746673	2	10
15	80111387	80111387	1	11
15	80111387	80111387	2	11
2	29198493	29198493	1	12
2	29198493	29198493	2	12
14	4649593	4649593	1	2
14	4649593	4649593	2	2
3	137827749	137827749	1	7
3	137827749	137827749	2	7
2	37793601	37793601	1	5
2	37793601	37793601	2	5
5	125403866	125403866	1	10
5	125403866	125403866	2	10
11	29824620	29824620	1	13
11	29824620	29824620	2	13
19	7423429	7423429	1	10
19	7423429	7423429	2	11
13	94706728	94706728	1	17
13	94706728	94706728	2	17
7	4845044	4845044	1	5
7	4845044	4845044	2	5
13	65726822	65726822	1	3
13	65726822	65726822	2	3
2	21237200	21237200	1	19
2	21237200	21237200	2	20
10	121931533	121931533	1	12
10	121931533	121931533	2	12
11	95009200	95009200	1	12
11	95009200	95009200	2	12
4	32165321	32165321	1	14
4	32165321	32165321	2	13
10	88560484	88560484	1	12
10	88560484	88560484	2	12
10	61726044	61726044	1	12
10	61726044	61726044	2	12
19	43927382	43927382	1	10
19	43927382	43927382	2	10
2	143862630	143862630	1	5
2	143862630	143862630	2	5
1	15287263	15287263	1	7
1	15287263	15287263	2	7
7	19021066	19021066	1	5
7	19021066	19021066	2	5
5	148809376	148809376	1	18
5	148809376	148809376	2	18
19	44760660	44760660	1	6
19	44760660	44760660	2	6
13	81025544	81025544	1	0
13	81025544	81025544	2	0
5	36252140	36252140	1	11
5	36252140	36252140	2	12
14	55827084	55827084	1	11
14	55827084	55827084	2	11
19	42755650	42755650	1	13
19	42755650	42755650	2	12
9	67760664	67760664	1	3
9	67760664	67760664	2	3
2	91645789	91645789	1	12
2	91645789	91645789	2	12
2	180334000	180334000	1	12
2	180334000	180334000	2	12
4	142095587	142095587	1	11
4	142095587	142095587	2	11
4	155345572	155345572	1	5
4	155345572	155345572	2	5
2	84184889	84184889	1	12
2	84184889	84184889	2	12
11	115891315	115891315	1	6
11	115891315	115891315	2	6
2	153032202	153032202	1	4
2	153032202	153032202	2	4
5	117593516	117593516	1	10
5	117593516	117593516	2	9
13	40657650	40657650	1	5
13	40657650	40657650	2	5
8	122738696	122738696	1	21
8	122738696	122738696	2	21
11	85688574	85688574	1	19
11	85688574	85688574	2	20
18	64345374	64345374	1	4
18	64345374	64345374	2	5
11	84526409	84526409	1	7
11	84526409	84526409	2	7
10	123788289	123788289	1	11
10	123788289	123788289	2	11
7	126799960	126799960	1	10
7	126799960	126799960	2	10
6	25690151	25690151	1	10
6	25690151	25690151	2	10
5	86793012	86793012	1	10
5	86793012	86793012	2	10
15	76189160	76189160	1	13
15	76189160	76189160	2	14
4	138453300	138453300	1	9
4	138453300	138453300	2	9
8	124677636	124677636	1	30
8	124677636	124677636	2	32
4	152375120	152375120	1	16
4	152375120	152375120	2	16
10	128502520	128502520	1	24
10	128502520	128502520	2	23
10	120422320	120422320	1	7
10	120422320	120422320	2	7
11	88193377	88193377	1	11
11	88193377	88193377	2	11
4	129020517	129020517	1	8
4	129020517	129020517	2	8
17	85621802	85621802	1	14
17	85621802	85621802	2	14
7	142664387	142664387	1	2
7	142664387	142664387	2	2
13	25387556	25387556	1	11
13	25387556	25387556	2	11
7	138398058	138398058	1	22
7	138398058	138398058	2	22
11	53463565	53463565	1	17
11	53463565	53463565	2	18
8	83166465	83166465	1	9
8	83166465	83166465	2	9
19	16870601	16870601	1	15
19	16870601	16870601	2	15
19	6995638	6995638	1	16
19	6995638	6995638	2	17
13	117603200	117603200	1	9
13	117603200	117603200	2	9
6	6299369	6299369	1	6
6	6299369	6299369	2	6
11	82926084	82926084	1	18
11	82926084	82926084	2	18
4	120304702	120304702	1	10
4	120304702	120304702	2	10
7	97549477	97549477	1	12
7	97549477	97549477	2	11
15	76087218	76087218	1	18
15	76087218	76087218	2	18
7	19852224	19852224	1	22
7	19852224	19852224	2	22
1	16093353	16093353	1	15
1	16093353	16093353	2	15
12	105234295	105234295	1	16
12	105234295	105234295	2	16
14	4415197	4415197	1	0
14	4415197	4415197	2	0
12	105003348	105003348	1	13
12	105003348	105003348	2	14
4	136234385	136234385	1	8
4	136234385	136234385	2	8
15	82928785	82928785	1	19
15	82928785	82928785	2	20
5	105792837	105792837	1	23
5	105792837	105792837	2	22
5	101826817	101826817	1	13
5	101826817	101826817	2	13
4	45846901	45846901	1	12
4	45846901	45846901	2	11
9	60545774	60545774	1	13
9	60545774	60545774	2	13
13	60497752	60497752	1	11
13	60497752	60497752	2	11
3	23264181	23264181	1	0
3	23264181	23264181	2	0
15	85961529	85961529	1	8
15	85961529	85961529	2	8
13	52989777	52989777	1	9
13	52989777	52989777	2	9
10	13028009	13028009	1	14
10	13028009	13028009	2	14
10	49788564	49788564	1	5
10	49788564	49788564	2	5
13	95616595	95616595	1	16
13	95616595	95616595	2	16
2	9884576	9884576	1	5
2	9884576	9884576	2	5
5	24383330	24383330	1	15
5	24383330	24383330	2	15
5	15935471	15935471	1	9
5	15935471	15935471	2	9
6	57929686	57929686	1	18
6	57929686	57929686	2	18
16	58107088	58107088	1	15
16	58107088	58107088	2	15
2	6730156	6730156	1	15
2	6730156	6730156	2	15
17	44476055	44476055	1	15
17	44476055	44476055	2	14
2	68383838	68383838	1	19
2	68383838	68383838	2	19
7	27488117	27488117	1	3
7	27488117	27488117	2	3
8	4205994	4205994	1	7
8	4205994	4205994	2	7
16	35449625	35449625	1	11
16	35449625	35449625	2	11
5	34322813	34322813	1	11
5	34322813	34322813	2	10
5	114127491	114127491	1	14
5	114127491	114127491	2	14
17	69076034	69076034	1	9
17	69076034	69076034	2	9
10	32890319	32890319	1	19
10	32890319	32890319	2	19
15	58979668	58979668	1	14
15	58979668	58979668	2	14
15	36641258	36641258	1	20
15	36641258	36641258	2	20
9	62018885	62018885	1	26
9	62018885	62018885	2	26
8	123341654	123341654	1	25
8	123341654	123341654	2	24
7	137317372	137317372	1	9
7	137317372	137317372	2	10
11	113785976	113785976	1	9
11	113785976	113785976	2	9
12	112707532	112707532	1	2
12	112707532	112707532	2	2
11	53463757	53463757	1	21
11	53463757	53463757	2	21
5	84416486	84416486	1	11
5	84416486	84416486	2	11
1	157444638	157444638	1	9
1	157444638	157444638	2	9
13	115959378	115959378	1	0
13	115959378	115959378	2	0
9	121808080	121808080	1	14
9	121808080	121808080	2	14
1	74783810	74783810	1	13
1	74783810	74783810	2	12
10	14535658	14535658	1	16
10	14535658	14535658	2	16
5	115208111	115208111	1	4
5	115208111	115208111	2	4
9	31858921	31858921	1	8
9	31858921	31858921	2	9
8	89042502	89042502	1	18
8	89042502	89042502	2	18
9	119418197	119418197	1	17
9	119418197	119418197	2	17
8	22811284	22811284	1	9
8	22811284	22811284	2	9
5	73649677	73649677	1	0
5	73649677	73649677	2	0
1	184882832	184882832	1	11
1	184882832	184882832	2	10
5	137091163	137091163	1	10
5	137091163	137091163	2	10
10	33624466	33624466	1	10
10	33624466	33624466	2	11
10	121161542	121161542	1	9
10	121161542	121161542	2	9
1	75015945	75015945	1	11
1	75015945	75015945	2	11
9	20889940	20889940	1	6
9	20889940	20889940	2	6
8	91800473	91800473	1	3
8	91800473	91800473	2	3
17	85822113	85822113	1	19
17	85822113	85822113	2	19
11	83020521	83020521	1	9
11	83020521	83020521	2	9
4	63256946	63256946	1	17
4	63256946	63256946	2	17
11	4135724	4135724	1	12
11	4135724	4135724	2	12
4	154641327	154641327	1	8
4	154641327	154641327	2	7
13	20120711	20120711	1	21
13	20120711	20120711	2	23
6	125410705	125410705	1	21
6	125410705	125410705	2	21
10	49782905	49782905	1	9
10	49782905	49782905	2	9
6	88242707	88242707	1	12
6	88242707	88242707	2	12
11	96988532	96988532	1	12
11	96988532	96988532	2	12
14	4649732	4649732	1	6
14	4649732	4649732	2	6
3	95530366	95530366	1	8
3	95530366	95530366	2	8
5	14025270	14025270	1	13
5	14025270	14025270	2	13
4	140658270	140658270	1	17
4	140658270	140658270	2	17
2	180642035	180642035	1	6
2	180642035	180642035	2	6
7	58836972	58836972	1	16
7	58836972	58836972	2	16
7	58836988	58836988	1	19
7	58836988	58836988	2	19
12	14151989	14151989	1	11
12	14151989	14151989	2	11
12	14151978	14151978	1	9
12	14151978	14151978	2	9
12	22466819	22466819	1	14
12	22466819	22466819	2	14
12	22466733	22466733	1	14
12	22466733	22466733	2	13
12	22466836	22466836	1	12
12	22466836	22466836	2	12
4	140661777	140661777	1	9
4	140661777	140661777	2	9
4	140661789	140661789	1	10
4	140661789	140661789	2	10
4	140661781	140661781	1	10
4	140661781	140661781	2	10
4	140661785	140661785	1	10
4	140661785	140661785	2	10
4	140661950	140661950	1	10
4	140661950	140661950	2	10
4	140661773	140661773	1	8
4	140661773	140661773	2	8
9	111311733	111311733	1	11
9	111311733	111311733	2	11
9	111311601	111311601	1	7
9	111311601	111311601	2	8
9	111311773	111311773	1	14
9	111311773	111311773	2	14
9	111311699	111311699	1	8
9	111311699	111311699	2	8
9	111311693	111311693	1	7
9	111311693	111311693	2	7
9	111311702	111311702	1	8
9	111311702	111311702	2	8
3	95172916	95172916	1	10
3	95172916	95172916	2	9
3	95173042	95173042	1	14
3	95173042	95173042	2	14
3	95172681	95172681	1	5
3	95172681	95172681	2	5
3	95173171	95173171	1	7
3	95173171	95173171	2	7
3	95172730	95172730	1	5
3	95172730	95172730	2	6
3	95173055	95173055	1	13
3	95173055	95173055	2	13
3	95172946	95172946	1	15
3	95172946	95172946	2	15
3	95173187	95173187	1	6
3	95173187	95173187	2	6
3	95172936	95172936	1	12
3	95172936	95172936	2	12
3	95172676	95172676	1	4
3	95172676	95172676	2	4
3	95172909	95172909	1	10
3	95172909	95172909	2	10
3	95172930	95172930	1	11
3	95172930	95172930	2	11
3	95173052	95173052	1	14
3	95173052	95173052	2	14
3	95173031	95173031	1	13
3	95173031	95173031	2	13
3	95172904	95172904	1	10
3	95172904	95172904	2	10
3	95172756	95172756	1	6
3	95172756	95172756	2	6
3	95173045	95173045	1	14
3	95173045	95173045	2	14
3	95172938	95172938	1	12
3	95172938	95172938	2	12
3	95172735	95172735	1	6
3	95172735	95172735	2	6
3	95173302	95173302	1	7
3	95173302	95173302	2	7
3	95173313	95173313	1	7
3	95173313	95173313	2	7
11	75895188	75895188	1	10
11	75895188	75895188	2	10
11	75895183	75895183	1	10
11	75895183	75895183	2	10
8	8969121	8969121	1	16
8	8969121	8969121	2	16
8	8969102	8969102	1	14
8	8969102	8969102	2	14
8	121117098	121117098	1	20
8	121117098	121117098	2	20
8	121117079	121117079	1	22
8	121117079	121117079	2	22
1	63273291	63273291	1	4
1	63273291	63273291	2	4
1	63273207	63273207	1	2
1	63273207	63273207	2	2
1	63273312	63273312	1	4
1	63273312	63273312	2	4
1	63273288	63273288	1	4
1	63273288	63273288	2	4
8	25027830	25027830	1	8
8	25027830	25027830	2	8
8	25027992	25027992	1	12
8	25027992	25027992	2	12
5	111420100	111420100	1	12
5	111420100	111420100	2	12
5	111420217	111420217	1	8
5	111420217	111420217	2	8
5	111419268	111419268	1	12
5	111419268	111419268	2	12
5	111419504	111419504	1	17
5	111419504	111419504	2	17
5	111420072	111420072	1	12
5	111420072	111420072	2	12
5	111419262	111419262	1	14
5	111419262	111419262	2	14
5	111420081	111420081	1	12
5	111420081	111420081	2	12
5	111418846	111418846	1	7
5	111418846	111418846	2	7
5	111419369	111419369	1	17
5	111419369	111419369	2	17
5	111419502	111419502	1	17
5	111419502	111419502	2	17
5	111419941	111419941	1	11
5	111419941	111419941	2	11
5	111419353	111419353	1	15
5	111419353	111419353	2	15
5	111420096	111420096	1	11
5	111420096	111420096	2	12
5	135022237	135022237	1	18
5	135022237	135022237	2	18
5	135022268	135022268	1	15
5	135022268	135022268	2	15
5	135022223	135022223	1	14
5	135022223	135022223	2	14
10	120428473	120428473	1	19
10	120428473	120428473	2	19
10	120428674	120428674	1	8
10	120428674	120428674	2	8
19	5756862	5756862	1	8
19	5756862	5756862	2	8
19	5756878	5756878	1	8
19	5756878	5756878	2	8
19	5756855	5756855	1	8
19	5756855	5756855	2	8
6	110645966	110645966	1	8
6	110645966	110645966	2	8
6	110645964	110645964	1	8
6	110645964	110645964	2	8
6	110645864	110645864	1	8
6	110645864	110645864	2	9
6	110645892	110645892	1	11
6	110645892	110645892	2	10
6	110645962	110645962	1	8
6	110645962	110645962	2	8
5	131307529	131307529	1	17
5	131307529	131307529	2	17
5	131307390	131307390	1	4
5	131307390	131307390	2	4
5	131307485	131307485	1	10
5	131307485	131307485	2	10
6	83161684	83161684	1	8
6	83161684	83161684	2	8
6	83161660	83161660	1	7
6	83161660	83161660	2	9
6	83161669	83161669	1	9
6	83161669	83161669	2	9
5	111420202	111420202	1	10
5	111420202	111420202	2	10
5	111419226	111419226	1	10
5	111419226	111419226	2	10
5	111420070	111420070	1	12
5	111420070	111420070	2	12
5	111419953	111419953	1	9
5	111419953	111419953	2	9
5	111420213	111420213	1	9
5	111420213	111420213	2	9
5	111420067	111420067	1	11
5	111420067	111420067	2	11
3	95173340	95173340	1	5
3	95173340	95173340	2	5
3	95173318	95173318	1	7
3	95173318	95173318	2	7
3	95173504	95173504	1	6
3	95173504	95173504	2	6
3	95173076	95173076	1	12
3	95173076	95173076	2	12
19	40487488	40487488	1	21
19	40487488	40487488	2	21
19	40487673	40487673	1	19
19	40487673	40487673	2	19
19	40487655	40487655	1	18
19	40487655	40487655	2	18
15	98780782	98780782	1	14
15	98780782	98780782	2	14
15	98780615	98780615	1	15
15	98780615	98780615	2	14
15	98780817	98780817	1	10
15	98780817	98780817	2	10
3	29082967	29082967	1	6
3	29082967	29082967	2	6
3	29082984	29082984	1	5
3	29082984	29082984	2	5
3	29082969	29082969	1	6
3	29082969	29082969	2	6
3	29082965	29082965	1	6
3	29082965	29082965	2	6
7	19118464	19118464	1	10
7	19118464	19118464	2	9
7	19118268	19118268	1	12
7	19118268	19118268	2	12
7	19118266	19118266	1	12
7	19118266	19118266	2	12
7	19118474	19118474	1	8
7	19118474	19118474	2	8
7	19118476	19118476	1	8
7	19118476	19118476	2	8
7	19118261	19118261	1	13
7	19118261	19118261	2	13
7	19118443	19118443	1	10
7	19118443	19118443	2	10
7	19118270	19118270	1	12
7	19118270	19118270	2	12
9	110873868	110873868	1	11
9	110873868	110873868	2	11
9	110873843	110873843	1	9
9	110873843	110873843	2	9
6	90550751	90550751	1	9
6	90550751	90550751	2	9
6	90550208	90550208	1	15
6	90550208	90550208	2	16
3	158561373	158561373	1	7
3	158561373	158561373	2	6
3	158561384	158561384	1	6
3	158561384	158561384	2	6
3	158561378	158561378	1	6
3	158561378	158561378	2	6
3	158561388	158561388	1	6
3	158561388	158561388	2	6
15	26308807	26308807	1	5
15	26308807	26308807	2	4
15	26308783	26308783	1	5
15	26308783	26308783	2	5
15	26308785	26308785	1	5
15	26308785	26308785	2	6
10	79921629	79921629	1	18
10	79921629	79921629	2	18
10	79921617	79921617	1	20
10	79921617	79921617	2	20
10	79921060	79921060	1	4
10	79921060	79921060	2	4
10	79921611	79921611	1	22
10	79921611	79921611	2	22
10	79921235	79921235	1	5
10	79921235	79921235	2	5
10	79921259	79921259	1	5
10	79921259	79921259	2	5
10	79921251	79921251	1	6
10	79921251	79921251	2	6
10	79921632	79921632	1	17
10	79921632	79921632	2	17
10	79921238	79921238	1	5
10	79921238	79921238	2	5
14	21990796	21990796	1	13
14	21990796	21990796	2	13
14	21990782	21990782	1	14
14	21990782	21990782	2	14
12	22906202	22906202	1	8
12	22906202	22906202	2	8
12	22906213	22906213	1	9
12	22906213	22906213	2	9
16	18588880	18588880	1	10
16	18588880	18588880	2	10
16	18588884	18588884	1	10
16	18588884	18588884	2	10
10	79921821	79921821	1	12
10	79921821	79921821	2	12
10	79921837	79921837	1	14
10	79921837	79921837	2	14
10	79921264	79921264	1	5
10	79921264	79921264	2	5
4	99656957	99656957	1	9
4	99656957	99656957	2	9
4	99657098	99657098	1	14
4	99657098	99657098	2	14
4	99657114	99657114	1	14
4	99657114	99657114	2	14
4	99653663	99653663	1	10
4	99653663	99653663	2	11
4	99657129	99657129	1	13
4	99657129	99657129	2	13
11	61684493	61684493	1	20
11	61684493	61684493	2	20
11	61684502	61684502	1	20
11	61684502	61684502	2	20
16	33755533	33755533	1	13
16	33755533	33755533	2	13
16	33755541	33755541	1	14
16	33755541	33755541	2	14
12	19954360	19954360	1	4
12	19954360	19954360	2	4
12	19954391	19954391	1	3
12	19954391	19954391	2	3
12	19954389	19954389	1	3
12	19954389	19954389	2	3
12	19954353	19954353	1	4
12	19954353	19954353	2	5
12	19954465	19954465	1	3
12	19954465	19954465	2	3
12	19954372	19954372	1	3
12	19954372	19954372	2	3
7	115379727	115379727	1	12
7	115379727	115379727	2	13
7	115379765	115379765	1	11
7	115379765	115379765	2	11
2	74655825	74655825	1	7
2	74655825	74655825	2	8
2	74655990	74655990	1	13
2	74655990	74655990	2	13
11	69965621	69965621	1	17
11	69965621	69965621	2	17
11	69965586	69965586	1	15
11	69965586	69965586	2	15
11	69965453	69965453	1	10
11	69965453	69965453	2	10
11	69965462	69965462	1	9
11	69965462	69965462	2	9
11	69965451	69965451	1	10
11	69965451	69965451	2	10
11	69966093	69966093	1	5
11	69966093	69966093	2	5
11	69966088	69966088	1	5
11	69966088	69966088	2	6
11	69965459	69965459	1	10
11	69965459	69965459	2	10
11	69965435	69965435	1	11
11	69965435	69965435	2	11
4	105175587	105175587	1	8
4	105175587	105175587	2	8
4	105175579	105175579	1	8
4	105175579	105175579	2	8
7	44697209	44697209	1	4
7	44697209	44697209	2	4
7	44697206	44697206	1	4
7	44697206	44697206	2	4
4	78212204	78212204	1	10
4	78212204	78212204	2	10
4	78212176	78212176	1	10
4	78212176	78212176	2	10
12	14150171	14150171	1	15
12	14150171	14150171	2	15
12	14150177	14150177	1	16
12	14150177	14150177	2	16
12	14149957	14149957	1	15
12	14149957	14149957	2	15
12	14149828	14149828	1	15
12	14149828	14149828	2	16
12	14152094	14152094	1	16
12	14152094	14152094	2	16
13	18218747	18218747	1	20
13	18218747	18218747	2	20
13	18218860	18218860	1	17
13	18218860	18218860	2	18
8	99416667	99416667	1	2
8	99416667	99416667	2	2
8	99416630	99416630	1	3
8	99416630	99416630	2	2
8	99416637	99416637	1	2
8	99416637	99416637	2	2
9	111311884	111311884	1	10
9	111311884	111311884	2	10
9	111311769	111311769	1	13
9	111311769	111311769	2	14
9	111311762	111311762	1	13
9	111311762	111311762	2	13
9	111311771	111311771	1	14
9	111311771	111311771	2	14
11	90033102	90033102	1	3
11	90033102	90033102	2	3
11	90033112	90033112	1	2
11	90033112	90033112	2	2
11	61684480	61684480	1	17
11	61684480	61684480	2	17
11	61684957	61684957	1	6
11	61684957	61684957	2	6
10	80810498	80810498	1	21
10	80810498	80810498	2	21
10	80810392	80810392	1	12
10	80810392	80810392	2	12
4	123105410	123105410	1	9
4	123105410	123105410	2	9
4	123105030	123105030	1	15
4	123105030	123105030	2	16
4	123105343	123105343	1	9
4	123105343	123105343	2	9
4	123105166	123105166	1	20
4	123105166	123105166	2	20
8	69881409	69881409	1	19
8	69881409	69881409	2	19
8	69885471	69885471	1	8
8	69885471	69885471	2	8
8	69882401	69882401	1	9
8	69882401	69882401	2	9
8	69882217	69882217	1	9
8	69882217	69882217	2	10
8	69881530	69881530	1	19
8	69881530	69881530	2	19
8	69882220	69882220	1	10
8	69882220	69882220	2	10
8	69885480	69885480	1	8
8	69885480	69885480	2	8
8	69882212	69882212	1	9
8	69882212	69882212	2	9
8	69882210	69882210	1	9
8	69882210	69882210	2	9
8	69881519	69881519	1	20
8	69881519	69881519	2	20
8	69882057	69882057	1	18
8	69882057	69882057	2	19
8	69882230	69882230	1	8
8	69882230	69882230	2	8
8	69882223	69882223	1	9
8	69882223	69882223	2	9
8	69885474	69885474	1	8
8	69885474	69885474	2	8
11	35798311	35798311	1	1
11	35798311	35798311	2	1
11	35798487	35798487	1	7
11	35798487	35798487	2	7
8	48555171	48555171	1	15
8	48555171	48555171	2	15
8	48555165	48555165	1	17
8	48555165	48555165	2	17
12	14151952	14151952	1	7
12	14151952	14151952	2	8
8	87468955	87468955	1	5
8	87468955	87468955	2	6
8	87472241	87472241	1	2
8	87472241	87472241	2	2
6	88200141	88200141	1	11
6	88200141	88200141	2	11
6	88197447	88197447	1	7
6	88197447	88197447	2	7
2	30652730	30652730	1	5
2	30652730	30652730	2	5
2	30652665	30652665	1	9
2	30652665	30652665	2	9
12	22466813	22466813	1	15
12	22466813	22466813	2	14
12	22466848	22466848	1	10
12	22466848	22466848	2	10
5	69341606	69341606	1	5
5	69341606	69341606	2	5
5	69340452	69340452	1	23
5	69340452	69340452	2	23
1	109982672	109982672	1	5
1	109982672	109982672	2	5
1	109983103	109983103	1	9
1	109983103	109983103	2	9
1	109983111	109983111	1	9
1	109983111	109983111	2	9
4	140750679	140750679	1	8
4	140750679	140750679	2	8
4	140750534	140750534	1	7
4	140750534	140750534	2	7
4	140750464	140750464	1	9
4	140750464	140750464	2	9
4	140750714	140750714	1	10
4	140750714	140750714	2	10
4	140750545	140750545	1	6
4	140750545	140750545	2	6
10	75424630	75424630	1	16
10	75424630	75424630	2	16
10	75424612	75424612	1	17
10	75424612	75424612	2	17
10	75424606	75424606	1	15
10	75424606	75424606	2	15
19	61225643	61225643	1	2
19	61225643	61225643	2	2
19	61225535	61225535	1	9
19	61225535	61225535	2	9
19	61226250	61226250	1	3
19	61226250	61226250	2	3
19	61225625	61225625	1	3
19	61225625	61225625	2	3
9	45839425	45839425	1	14
9	45839425	45839425	2	13
9	45839240	45839240	1	7
9	45839240	45839240	2	7
5	81021813	81021813	1	10
5	81021813	81021813	2	10
5	81022128	81022128	1	12
5	81022128	81022128	2	13
18	61036170	61036170	1	15
18	61036170	61036170	2	15
18	61036373	61036373	1	10
18	61036373	61036373	2	10
18	61036382	61036382	1	9
18	61036382	61036382	2	8
18	61036401	61036401	1	7
18	61036401	61036401	2	7
12	84417645	84417645	1	12
12	84417645	84417645	2	12
12	84417652	84417652	1	13
12	84417652	84417652	2	13
11	98767391	98767391	1	9
11	98767391	98767391	2	9
11	98767344	98767344	1	5
11	98767344	98767344	2	5
11	98767387	98767387	1	9
11	98767387	98767387	2	9
12	19882421	19882421	1	7
12	19882421	19882421	2	7
12	19882413	19882413	1	7
12	19882413	19882413	2	7
7	28732842	28732842	1	14
7	28732842	28732842	2	14
7	28732600	28732600	1	7
7	28732600	28732600	2	7
7	28732607	28732607	1	7
7	28732607	28732607	2	7
7	28732649	28732649	1	6
7	28732649	28732649	2	5
11	57827306	57827306	1	12
11	57827306	57827306	2	11
11	57827308	57827308	1	11
11	57827308	57827308	2	11
3	124321261	124321261	1	19
3	124321261	124321261	2	19
3	124321111	124321111	1	14
3	124321111	124321111	2	14
3	124321263	124321263	1	19
3	124321263	124321263	2	19
18	58209809	58209809	1	25
18	58209809	58209809	2	25
18	58209988	58209988	1	15
18	58209988	58209988	2	15
2	54437205	54437205	1	27
2	54437205	54437205	2	27
2	54437069	54437069	1	12
2	54437069	54437069	2	12
2	54436939	54436939	1	6
2	54436939	54436939	2	6
4	156234071	156234071	1	19
4	156234071	156234071	2	18
4	156234058	156234058	1	17
4	156234058	156234058	2	17
4	83512415	83512415	1	7
4	83512415	83512415	2	7
4	83512420	83512420	1	7
4	83512420	83512420	2	7
15	87625503	87625503	1	6
15	87625503	87625503	2	6
15	87625524	87625524	1	5
15	87625524	87625524	2	5
15	87625658	87625658	1	12
15	87625658	87625658	2	12
15	87625452	87625452	1	8
15	87625452	87625452	2	8
17	35425346	35425346	1	36
17	35425346	35425346	2	36
17	35425376	35425376	1	30
17	35425376	35425376	2	28
5	89882480	89882480	1	7
5	89882480	89882480	2	7
5	89882568	89882568	1	7
5	89882568	89882568	2	7
8	84784774	84784774	1	6
8	84784774	84784774	2	8
8	84784634	84784634	1	6
8	84784634	84784634	2	6
16	18585751	18585751	1	14
16	18585751	18585751	2	14
16	18588726	18588726	1	9
16	18588726	18588726	2	9
16	18588445	18588445	1	19
16	18588445	18588445	2	19
4	114912894	114912894	1	10
4	114912894	114912894	2	10
4	114912872	114912872	1	11
4	114912872	114912872	2	11
12	109408773	109408773	1	6
12	109408773	109408773	2	6
12	109408782	109408782	1	5
12	109408782	109408782	2	5
2	133554575	133554575	1	8
2	133554575	133554575	2	8
2	133554566	133554566	1	8
2	133554566	133554566	2	8
2	133554672	133554672	1	5
2	133554672	133554672	2	5
2	133554552	133554552	1	5
2	133554552	133554552	2	5
4	25799805	25799805	1	7
4	25799805	25799805	2	7
4	25799813	25799813	1	7
4	25799813	25799813	2	7
4	25799685	25799685	1	15
4	25799685	25799685	2	15
5	131538167	131538167	1	5
5	131538167	131538167	2	4
5	131538140	131538140	1	8
5	131538140	131538140	2	8
8	120268707	120268707	1	12
8	120268707	120268707	2	12
8	120268857	120268857	1	12
8	120268857	120268857	2	12
4	131916207	131916207	1	9
4	131916207	131916207	2	9
4	131916035	131916035	1	7
4	131916035	131916035	2	7
12	46819148	46819148	1	1
12	46819148	46819148	2	1
12	46819289	46819289	1	1
12	46819289	46819289	2	1
12	46819300	46819300	1	1
12	46819300	46819300	2	1
12	46819170	46819170	1	1
12	46819170	46819170	2	1
12	46819874	46819874	1	27
12	46819874	46819874	2	27
12	46819161	46819161	1	1
12	46819161	46819161	2	1
12	46819173	46819173	1	1
12	46819173	46819173	2	1
12	46819155	46819155	1	1
12	46819155	46819155	2	1
6	94283896	94283896	1	8
6	94283896	94283896	2	8
6	94283879	94283879	1	12
6	94283879	94283879	2	12
6	94283886	94283886	1	10
6	94283886	94283886	2	10
15	72547547	72547547	1	4
15	72547547	72547547	2	4
15	72547706	72547706	1	8
15	72547706	72547706	2	8
2	130638090	130638090	1	11
2	130638090	130638090	2	10
2	130638074	130638074	1	10
2	130638074	130638074	2	10
2	130638097	130638097	1	10
2	130638097	130638097	2	10
8	84912711	84912711	1	17
8	84912711	84912711	2	17
8	84912576	84912576	1	17
8	84912576	84912576	2	17
8	84912574	84912574	1	17
8	84912574	84912574	2	17
8	84912707	84912707	1	17
8	84912707	84912707	2	17
8	84912714	84912714	1	17
8	84912714	84912714	2	17
4	81442938	81442938	1	8
4	81442938	81442938	2	7
4	81442935	81442935	1	8
4	81442935	81442935	2	8
17	26439181	26439181	1	11
17	26439181	26439181	2	11
17	26439179	26439179	1	11
17	26439179	26439179	2	10
17	26439069	26439069	1	9
17	26439069	26439069	2	9
17	26439060	26439060	1	10
17	26439060	26439060	2	10
17	26439139	26439139	1	11
17	26439139	26439139	2	11
17	26439269	26439269	1	12
17	26439269	26439269	2	12
17	26439082	26439082	1	10
17	26439082	26439082	2	10
11	83851068	83851068	1	7
11	83851068	83851068	2	7
11	83849875	83849875	1	19
11	83849875	83849875	2	19
11	83851770	83851770	1	11
11	83851770	83851770	2	11
11	83850008	83850008	1	7
11	83850008	83850008	2	7
10	114801288	114801288	1	9
10	114801288	114801288	2	9
10	114802243	114802243	1	14
10	114802243	114802243	2	14
10	114801285	114801285	1	9
10	114801285	114801285	2	9
8	17534993	17534993	1	20
8	17534993	17534993	2	20
8	17535349	17535349	1	2
8	17535349	17535349	2	2
8	17535542	17535542	1	8
8	17535542	17535542	2	8
8	17535540	17535540	1	8
8	17535540	17535540	2	8
17	36216219	36216219	1	16
17	36216219	36216219	2	16
17	36216216	36216216	1	15
17	36216216	36216216	2	15
17	36216241	36216241	1	14
17	36216241	36216241	2	14
6	122609508	122609508	1	17
6	122609508	122609508	2	16
6	122609506	122609506	1	18
6	122609506	122609506	2	17
6	122609523	122609523	1	18
6	122609523	122609523	2	19
18	9215030	9215030	1	19
18	9215030	9215030	2	20
18	9215036	9215036	1	18
18	9215036	9215036	2	17
18	9214918	9214918	1	19
18	9214918	9214918	2	19
18	9213813	9213813	1	16
18	9213813	9213813	2	16
18	9213462	9213462	1	12
18	9213462	9213462	2	12
18	9213836	9213836	1	15
18	9213836	9213836	2	15
18	9213823	9213823	1	15
18	9213823	9213823	2	16
18	9213672	9213672	1	10
18	9213672	9213672	2	11
5	131537080	131537080	1	6
5	131537080	131537080	2	5
5	131537549	131537549	1	11
5	131537549	131537549	2	11
16	20802302	20802302	1	19
16	20802302	20802302	2	19
16	20804373	20804373	1	11
16	20804373	20804373	2	11
9	21037820	21037820	1	11
9	21037820	21037820	2	11
9	21037837	21037837	1	11
9	21037837	21037837	2	11
9	21037835	21037835	1	11
9	21037835	21037835	2	11
12	19704171	19704171	1	13
12	19704171	19704171	2	13
12	19704196	19704196	1	14
12	19704196	19704196	2	14
2	63184273	63184273	1	5
2	63184273	63184273	2	5
2	63184154	63184154	1	10
2	63184154	63184154	2	10
2	63184233	63184233	1	9
2	63184233	63184233	2	9
6	83161925	83161925	1	14
6	83161925	83161925	2	15
6	83161927	83161927	1	15
6	83161927	83161927	2	15
18	59175742	59175742	1	12
18	59175742	59175742	2	12
18	59175744	59175744	1	12
18	59175744	59175744	2	12
3	158561353	158561353	1	10
3	158561353	158561353	2	10
3	158561360	158561360	1	9
3	158561360	158561360	2	9
4	147275542	147275542	1	30
4	147275542	147275542	2	30
4	147276023	147276023	1	7
4	147276023	147276023	2	6
4	147275538	147275538	1	31
4	147275538	147275538	2	31
19	61225646	61225646	1	2
19	61225646	61225646	2	2
19	61225523	61225523	1	10
19	61225523	61225523	2	10
19	61225504	61225504	1	8
19	61225504	61225504	2	8
19	61226979	61226979	1	6
19	61226979	61226979	2	6
7	27658182	27658182	1	8
7	27658182	27658182	2	8
7	27657807	27657807	1	30
7	27657807	27657807	2	31
7	27657945	27657945	1	16
7	27657945	27657945	2	16
7	27657781	27657781	1	25
7	27657781	27657781	2	25
9	91362575	91362575	1	8
9	91362575	91362575	2	8
9	91362580	91362580	1	8
9	91362580	91362580	2	8
9	91364946	91364946	1	6
9	91364946	91364946	2	6
2	57112041	57112041	1	4
2	57112041	57112041	2	4
2	57112007	57112007	1	5
2	57112007	57112007	2	5
2	57111362	57111362	1	3
2	57111362	57111362	2	3
2	57109445	57109445	1	9
2	57109445	57109445	2	9
2	57111388	57111388	1	3
2	57111388	57111388	2	3
10	70599713	70599713	1	6
10	70599713	70599713	2	8
10	70599742	70599742	1	6
10	70599742	70599742	2	6
10	70599752	70599752	1	6
10	70599752	70599752	2	5
13	112443541	112443541	1	23
13	112443541	112443541	2	23
13	112443543	112443543	1	23
13	112443543	112443543	2	24
10	103028024	103028024	1	10
10	103028024	103028024	2	10
10	103028645	103028645	1	1
10	103028645	103028645	2	1
19	5742503	5742503	1	7
19	5742503	5742503	2	6
19	5742398	5742398	1	6
19	5742398	5742398	2	6
19	5742406	5742406	1	6
19	5742406	5742406	2	6
12	49383970	49383970	1	6
12	49383970	49383970	2	6
12	49385535	49385535	1	4
12	49385535	49385535	2	4
12	49384436	49384436	1	15
12	49384436	49384436	2	15
2	61815777	61815777	1	10
2	61815777	61815777	2	11
2	61815602	61815602	1	1
2	61815602	61815602	2	1
18	22344070	22344070	1	5
18	22344070	22344070	2	5
18	22343961	22343961	1	8
18	22343961	22343961	2	8
12	108328065	108328065	1	12
12	108328065	108328065	2	12
12	108328056	108328056	1	11
12	108328056	108328056	2	11
12	108328046	108328046	1	11
12	108328046	108328046	2	11
12	108328063	108328063	1	12
12	108328063	108328063	2	12
19	5751200	5751200	1	19
19	5751200	5751200	2	20
19	5751034	5751034	1	12
19	5751034	5751034	2	12
4	134407525	134407525	1	21
4	134407525	134407525	2	22
4	134402500	134402500	1	12
4	134402500	134402500	2	12
4	123105398	123105398	1	9
4	123105398	123105398	2	9
4	123105407	123105407	1	9
4	123105407	123105407	2	9
4	123105492	123105492	1	8
4	123105492	123105492	2	8
1	55363555	55363555	1	11
1	55363555	55363555	2	11
1	55363538	55363538	1	11
1	55363538	55363538	2	11
1	55363577	55363577	1	12
1	55363577	55363577	2	12
8	48555346	48555346	1	13
8	48555346	48555346	2	13
8	48555054	48555054	1	21
8	48555054	48555054	2	21
8	48555035	48555035	1	17
8	48555035	48555035	2	17
10	103028734	103028734	1	2
10	103028734	103028734	2	2
10	103028731	103028731	1	2
10	103028731	103028731	2	2
13	41078981	41078981	1	20
13	41078981	41078981	2	20
13	41079164	41079164	1	1
13	41079164	41079164	2	3
11	116108285	116108285	1	11
11	116108285	116108285	2	11
11	116108261	116108261	1	11
11	116108261	116108261	2	11
1	42694802	42694802	1	8
1	42694802	42694802	2	8
1	42694763	42694763	1	7
1	42694763	42694763	2	7
1	42694085	42694085	1	12
1	42694085	42694085	2	12
19	37697026	37697026	1	11
19	37697026	37697026	2	10
19	37693237	37693237	1	4
19	37693237	37693237	2	4
1	185455119	185455119	1	13
1	185455119	185455119	2	13
1	185455370	185455370	1	15
1	185455370	185455370	2	15
3	124320980	124320980	1	8
3	124320980	124320980	2	8
3	124321130	124321130	1	16
3	124321130	124321130	2	16
11	61147628	61147628	1	14
11	61147628	61147628	2	14
11	61147017	61147017	1	12
11	61147017	61147017	2	12
11	61147624	61147624	1	14
11	61147624	61147624	2	14
11	96005030	96005030	1	3
11	96005030	96005030	2	3
11	96005522	96005522	1	5
11	96005522	96005522	2	5
11	96007673	96007673	1	11
11	96007673	96007673	2	11
11	96005567	96005567	1	5
11	96005567	96005567	2	5
8	121117016	121117016	1	19
8	121117016	121117016	2	20
8	121116808	121116808	1	18
8	121116808	121116808	2	17
8	121117030	121117030	1	22
8	121117030	121117030	2	23
4	46344273	46344273	1	6
4	46344273	46344273	2	6
4	46344276	46344276	1	6
4	46344276	46344276	2	6
4	46343917	46343917	1	14
4	46343917	46343917	2	14
13	60176384	60176384	1	9
13	60176384	60176384	2	9
13	60176554	60176554	1	6
13	60176554	60176554	2	6
13	60176517	60176517	1	4
13	60176517	60176517	2	4
13	41220334	41220334	1	2
13	41220334	41220334	2	2
13	41220361	41220361	1	2
13	41220361	41220361	2	2
13	41220365	41220365	1	2
13	41220365	41220365	2	2
17	62880466	62880466	1	4
17	62880466	62880466	2	4
17	62880473	62880473	1	4
17	62880473	62880473	2	4
7	70361584	70361584	1	4
7	70361584	70361584	2	4
7	70362076	70362076	1	4
7	70362076	70362076	2	4
7	70361619	70361619	1	4
7	70361619	70361619	2	4
1	42491910	42491910	1	17
1	42491910	42491910	2	17
1	42491879	42491879	1	14
1	42491879	42491879	2	14
7	133124620	133124620	1	4
7	133124620	133124620	2	4
7	133124626	133124626	1	6
7	133124626	133124626	2	7
1	89931151	89931151	1	15
1	89931151	89931151	2	15
1	89930356	89930356	1	13
1	89930356	89930356	2	13
3	62340390	62340390	1	12
3	62340390	62340390	2	12
3	62339346	62339346	1	6
3	62339346	62339346	2	6
3	62338866	62338866	1	7
3	62338866	62338866	2	7
3	62339361	62339361	1	5
3	62339361	62339361	2	5
7	99535752	99535752	1	10
7	99535752	99535752	2	10
7	99535877	99535877	1	13
7	99535877	99535877	2	13
7	143475960	143475960	1	16
7	143475960	143475960	2	16
7	143475921	143475921	1	14
7	143475921	143475921	2	14
18	22344446	22344446	1	3
18	22344446	22344446	2	3
18	22344787	22344787	1	5
18	22344787	22344787	2	5
4	76449947	76449947	1	16
4	76449947	76449947	2	16
4	76449951	76449951	1	16
4	76449951	76449951	2	16
4	76449945	76449945	1	16
4	76449945	76449945	2	16
4	76449927	76449927	1	16
4	76449927	76449927	2	16
4	76449815	76449815	1	7
4	76449815	76449815	2	7
4	76449949	76449949	1	16
4	76449949	76449949	2	16
4	76449820	76449820	1	7
4	76449820	76449820	2	8
4	76450474	76450474	1	9
4	76450474	76450474	2	9
4	76449539	76449539	1	11
4	76449539	76449539	2	11
4	76449545	76449545	1	10
4	76449545	76449545	2	10
12	20312622	20312622	1	10
12	20312622	20312622	2	10
12	20312169	20312169	1	7
12	20312169	20312169	2	7
12	20312135	20312135	1	9
12	20312135	20312135	2	11
7	134225008	134225008	1	10
7	134225008	134225008	2	12
7	134225018	134225018	1	12
7	134225018	134225018	2	13
7	134225139	134225139	1	4
7	134225139	134225139	2	4
8	92855474	92855474	1	17
8	92855474	92855474	2	17
8	92855492	92855492	1	16
8	92855492	92855492	2	16
7	118596492	118596492	1	6
7	118596492	118596492	2	6
7	118596475	118596475	1	4
7	118596475	118596475	2	4
15	98895041	98895041	1	15
15	98895041	98895041	2	15
15	98898261	98898261	1	11
15	98898261	98898261	2	11
10	109010673	109010673	1	2
10	109010673	109010673	2	2
10	109010652	109010652	1	4
10	109010652	109010652	2	4
8	78436425	78436425	1	7
8	78436425	78436425	2	7
8	78436419	78436419	1	8
8	78436419	78436419	2	7
8	78436303	78436303	1	8
8	78436303	78436303	2	8
16	35156456	35156456	1	5
16	35156456	35156456	2	5
16	35156450	35156450	1	5
16	35156450	35156450	2	5
19	6830086	6830086	1	11
19	6830086	6830086	2	12
19	6830407	6830407	1	10
19	6830407	6830407	2	10
19	6830399	6830399	1	11
19	6830399	6830399	2	11
19	6830390	6830390	1	13
19	6830390	6830390	2	13
16	9993045	9993045	1	2
16	9993045	9993045	2	2
16	9994912	9994912	1	7
16	9994912	9994912	2	6
16	9994255	9994255	1	6
16	9994255	9994255	2	6
16	9995630	9995630	1	19
16	9995630	9995630	2	20
16	9995620	9995620	1	19
16	9995620	9995620	2	19
16	9994229	9994229	1	7
16	9994229	9994229	2	7
1	13126897	13126897	1	9
1	13126897	13126897	2	9
1	13126776	13126776	1	16
1	13126776	13126776	2	16
11	96346054	96346054	1	5
11	96346054	96346054	2	5
11	96346051	96346051	1	5
11	96346051	96346051	2	5
11	96345937	96345937	1	10
11	96345937	96345937	2	10
4	146067279	146067279	1	16
4	146067279	146067279	2	16
4	146067783	146067783	1	11
4	146067783	146067783	2	11
4	146067706	146067706	1	14
4	146067706	146067706	2	14
4	146067790	146067790	1	10
4	146067790	146067790	2	10
4	148952695	148952695	1	9
4	148952695	148952695	2	10
4	148952391	148952391	1	13
4	148952391	148952391	2	13
4	148952689	148952689	1	9
4	148952689	148952689	2	9
4	148952382	148952382	1	14
4	148952382	148952382	2	14
11	53478691	53478691	1	19
11	53478691	53478691	2	19
11	53478799	53478799	1	17
11	53478799	53478799	2	17
11	53478907	53478907	1	10
11	53478907	53478907	2	10
7	37624416	37624416	1	9
7	37624416	37624416	2	9
7	37624398	37624398	1	8
7	37624398	37624398	2	8
4	43632400	43632400	1	10
4	43632400	43632400	2	10
4	43632367	43632367	1	9
4	43632367	43632367	2	9
17	68841184	68841184	1	11
17	68841184	68841184	2	11
17	68841181	68841181	1	11
17	68841181	68841181	2	11
11	33203157	33203157	1	6
11	33203157	33203157	2	6
11	33201272	33201272	1	3
11	33201272	33201272	2	3
11	33203575	33203575	1	15
11	33203575	33203575	2	15
11	33203379	33203379	1	1
11	33203379	33203379	2	2
11	33203405	33203405	1	3
11	33203405	33203405	2	3
19	27217200	27217200	1	7
19	27217200	27217200	2	7
19	27217204	27217204	1	5
19	27217204	27217204	2	5
19	27217356	27217356	1	2
19	27217356	27217356	2	2
19	27217364	27217364	1	2
19	27217364	27217364	2	2
19	27217182	27217182	1	10
19	27217182	27217182	2	10
19	27217041	27217041	1	9
19	27217041	27217041	2	9
19	27217087	27217087	1	14
19	27217087	27217087	2	13
19	27217192	27217192	1	7
19	27217192	27217192	2	7
2	77816430	77816430	1	16
2	77816430	77816430	2	17
2	77816575	77816575	1	16
2	77816575	77816575	2	15
2	77816901	77816901	1	2
2	77816901	77816901	2	2
2	77816917	77816917	1	3
2	77816917	77816917	2	3
2	77816583	77816583	1	14
2	77816583	77816583	2	14
2	77816782	77816782	1	15
2	77816782	77816782	2	14
5	101765668	101765668	1	5
5	101765668	101765668	2	5
5	101765662	101765662	1	6
5	101765662	101765662	2	6
5	101765788	101765788	1	9
5	101765788	101765788	2	9
15	95527971	95527971	1	13
15	95527971	95527971	2	13
15	95527978	95527978	1	13
15	95527978	95527978	2	13
6	63257475	63257475	1	8
6	63257475	63257475	2	8
6	63257364	63257364	1	6
6	63257364	63257364	2	6
11	21997929	21997929	1	16
11	21997929	21997929	2	16
11	21994068	21994068	1	6
11	21994068	21994068	2	6
11	21993757	21993757	1	9
11	21993757	21993757	2	9
