DataStore	Total Read Count	Forward Read Count	Reverse Read Count	Unknown Read Count	Mean Read Length	Total Read Length	Fold Coverage	Total Quantitation	Median Quantitation	Mean Quantitation	Valid Quantitations
01_BAT_r1_C_GRCm38_bismark_bt2_pe.bam	85345	42395	42950	0	282	24109152	0.00884564989661128	11648.907228946686	8.908101	8.778378	1327
01_BAT_r1_N_GRCm38_bismark_bt2_pe.bam	277071	137656	139415	0	258	71575551	0.026261075682091406	2286.581994652748	1.6996692	1.7231213	1327
01_BAT_r1_X_GRCm38_bismark_bt2_pe.bam	139412	69461	69951	0	258	36104993	0.013246924968476743	10042.27658033371	7.749464	7.5676537	1327
01_BAT_r2_C_GRCm38_bismark_bt2_pe.bam	66737	33117	33620	0	251	16766153	0.006151502945894526	11178.21860051155	8.660256	8.4236765	1327
01_BAT_r2_N_GRCm38_bismark_bt2_pe.bam	202046	101072	100974	0	235	47641557	0.017479691270412597	2871.1262335777283	2.1552413	2.163622	1327
01_BAT_r2_X_GRCm38_bismark_bt2_pe.bam	99854	49772	50082	0	234	23422858	0.008593848570287362	9477.686054229736	7.4114985	7.14219	1327
01_BAT_r3_C_GRCm38_bismark_bt2_pe.bam	55709	28118	27591	0	257	14357512	0.0052677723604046805	11822.633065700531	9.120142	8.909294	1327
01_BAT_r3_N_GRCm38_bismark_bt2_pe.bam	204863	101643	103220	0	236	48389274	0.01775402870060278	2845.769623041153	2.1352656	2.1445136	1327
01_BAT_r3_X_GRCm38_bismark_bt2_pe.bam	75658	37687	37971	0	241	18246141	0.006694510667575734	10637.223701238632	8.247926	8.015994	1327
01_Blood_r1_C_GRCm38_bismark_bt2_pe.bam	69521	34495	35026	0	269	18722591	0.006869320212649756	11595.280266523361	8.890801	8.737966	1327
01_Blood_r1_N_GRCm38_bismark_bt2_pe.bam	244669	122169	122500	0	250	61223296	0.022462832451867316	2504.5494105815887	1.8790936	1.8873771	1327
01_Blood_r1_X_GRCm38_bismark_bt2_pe.bam	119166	59501	59665	0	249	29706702	0.010899391462419007	9830.641621351242	7.5925174	7.40817	1327
01_Blood_r2_C_GRCm38_bismark_bt2_pe.bam	36944	18345	18599	0	251	9277167	0.003403793352598863	10940.706582069397	8.565871	8.244692	1327
01_Blood_r2_N_GRCm38_bismark_bt2_pe.bam	115707	57845	57862	0	238	27571328	0.01011592256221354	3934.3806416988373	2.9594488	2.9648685	1327
01_Blood_r2_X_GRCm38_bismark_bt2_pe.bam	57384	28792	28592	0	234	13483408	0.004947063529284137	9256.608892679214	7.1232076	6.9755907	1327
01_Blood_r3_C_GRCm38_bismark_bt2_pe.bam	67314	33655	33659	0	258	17389920	0.006380363110659323	11566.08640408516	8.937344	8.715965	1327
01_Blood_r3_N_GRCm38_bismark_bt2_pe.bam	216065	107986	108079	0	235	50881567	0.018668451211928564	2746.720243215561	2.0584598	2.0698721	1327
01_Blood_r3_X_GRCm38_bismark_bt2_pe.bam	99454	49782	49672	0	237	23669397	0.00868430375012366	10005.599054813385	7.7892585	7.5400143	1327
01_Liver_r1_C_GRCm38_bismark_bt2_pe.bam	9274	4666	4608	0	293	2719435	9.977609302306068E-4	11329.351057052612	8.752593	8.537567	1327
01_Liver_r1_N_GRCm38_bismark_bt2_pe.bam	28888	14524	14364	0	269	7796690	0.0028606062167765255	6584.05906867981	4.961383	4.9616117	1327
01_Liver_r1_X_GRCm38_bismark_bt2_pe.bam	14299	7273	7026	0	269	3849149	0.0014122530918504067	9993.515756607056	7.7129045	7.5309086	1327
01_Liver_r2_C_GRCm38_bismark_bt2_pe.bam	69843	34222	35621	0	279	19509347	0.007157981055223493	11911.951184749603	9.161669	8.976603	1327
01_Liver_r2_N_GRCm38_bismark_bt2_pe.bam	240950	120111	120839	0	247	59596239	0.021865865101716193	2534.6088129281998	1.9011911	1.9100293	1327
01_Liver_r2_X_GRCm38_bismark_bt2_pe.bam	89988	44619	45369	0	255	22986828	0.00843386912661305	10728.553103208542	8.281479	8.084818	1327
01_Liver_r3_C_GRCm38_bismark_bt2_pe.bam	97973	48191	49782	0	250	24573468	0.009016007476064717	11694.5233066082	8.995328	8.812753	1327
01_Liver_r3_N_GRCm38_bismark_bt2_pe.bam	293871	146801	147070	0	231	67933814	0.02492492207048634	2155.6189258098602	1.614742	1.6244302	1327
01_Liver_r3_X_GRCm38_bismark_bt2_pe.bam	140956	69746	71210	0	234	33024455	0.012116675317173906	10292.859076023102	7.9141464	7.756488	1327
01_scAT_r1_C_GRCm38_bismark_bt2_pe.bam	89743	44361	45382	0	273	24508045	0.008992003771862014	11207.630895853043	8.6875105	8.445841	1327
01_scAT_r1_N_GRCm38_bismark_bt2_pe.bam	274586	137102	137484	0	253	69496319	0.025498205286408022	2303.1492270231247	1.7126669	1.7356061	1327
01_scAT_r1_X_GRCm38_bismark_bt2_pe.bam	134518	67006	67512	0	251	33780762	0.01239416441908659	9455.973404407501	7.286446	7.125828	1327
01_scAT_r2_C_GRCm38_bismark_bt2_pe.bam	33694	17010	16684	0	292	9870142	0.0036213559299737566	11757.801743507385	9.139292	8.860438	1327
01_scAT_r2_N_GRCm38_bismark_bt2_pe.bam	121256	60660	60596	0	255	30956671	0.011358005193653407	3847.6553065776825	2.891869	2.8995142	1327
01_scAT_r2_X_GRCm38_bismark_bt2_pe.bam	42879	21392	21487	0	267	11455437	0.004203000798812295	10566.154295921326	8.244025	7.962437	1327
02_BAT_r1_C_GRCm38_bismark_bt2_pe.bam	78310	38747	39563	0	241	18915929	0.006940255941111339	11558.099298238754	8.844584	8.709947	1327
02_BAT_r1_N_GRCm38_bismark_bt2_pe.bam	275210	137453	137757	0	229	63076902	0.023142920649173386	2290.6535423994064	1.7093922	1.7261896	1327
02_BAT_r1_X_GRCm38_bismark_bt2_pe.bam	138078	68882	69196	0	225	31202861	0.01144833232536035	9808.905968666077	7.556885	7.3917904	1327
02_BAT_r2_C_GRCm38_bismark_bt2_pe.bam	72192	35899	36293	0	254	18398927	0.006750567863826504	11282.221306324005	8.746214	8.50205	1327
02_BAT_r2_N_GRCm38_bismark_bt2_pe.bam	208741	103807	104934	0	242	50616736	0.018571284695753733	2806.9801795482635	2.108211	2.1152828	1327
02_BAT_r2_X_GRCm38_bismark_bt2_pe.bam	105635	52303	53332	0	241	25468771	0.0093444942220683	9727.467877388	7.5647683	7.3304205	1327
02_BAT_r3_C_GRCm38_bismark_bt2_pe.bam	72095	36251	35844	0	272	19668959	0.007216542711448395	11945.21573472023	9.186275	9.00167	1327
02_BAT_r3_N_GRCm38_bismark_bt2_pe.bam	248804	124317	124487	0	242	60268669	0.022112579725274015	2474.936811566353	1.8549153	1.8650616	1327
02_BAT_r3_X_GRCm38_bismark_bt2_pe.bam	93561	46426	47135	0	249	23387871	0.008581011837044619	10734.343858242035	8.225305	8.089182	1327
02_Blood_r1_C_GRCm38_bismark_bt2_pe.bam	60255	29977	30278	0	258	15546072	0.005703855124373994	11521.783868789673	8.86013	8.68258	1327
02_Blood_r1_N_GRCm38_bismark_bt2_pe.bam	216863	107836	109027	0	239	51887779	0.01903763047936066	2737.0313425064087	2.053141	2.0625708	1327
02_Blood_r1_X_GRCm38_bismark_bt2_pe.bam	105995	52528	53467	0	237	25210963	0.009249904445184169	9768.081526994705	7.4858594	7.361026	1327
02_Blood_r2_C_GRCm38_bismark_bt2_pe.bam	60481	30099	30382	0	281	17032157	0.006249099835868018	11454.597846984863	8.854729	8.63195	1327
02_Blood_r2_N_GRCm38_bismark_bt2_pe.bam	172062	86097	85965	0	257	44381308	0.016283505638094338	3178.2324998378754	2.3869965	2.3950508	1327
02_Blood_r2_X_GRCm38_bismark_bt2_pe.bam	86028	42974	43054	0	258	22201296	0.008145657369742263	9766.162807226181	7.626513	7.35958	1327
02_Blood_r3_C_GRCm38_bismark_bt2_pe.bam	57603	28480	29123	0	248	14296927	0.0052455437188089	11525.23866391182	8.8726	8.685184	1327
02_Blood_r3_N_GRCm38_bismark_bt2_pe.bam	185505	92375	93130	0	224	41613714	0.015268075166713097	3040.078773498535	2.278467	2.290941	1327
02_Blood_r3_X_GRCm38_bismark_bt2_pe.bam	86953	43146	43807	0	227	19824332	0.0072735490782167575	9978.30909538269	7.6935453	7.519449	1327
02_Liver_r1_C_GRCm38_bismark_bt2_pe.bam	22552	11215	11337	0	246	5557985	0.0020392251639799294	11208.613574028015	8.792529	8.446582	1327
02_Liver_r1_N_GRCm38_bismark_bt2_pe.bam	88340	44148	44192	0	234	20716181	0.0076007685513298255	4446.119537591934	3.3487864	3.3505046	1327
02_Liver_r1_X_GRCm38_bismark_bt2_pe.bam	41748	20769	20979	0	230	9631830	0.003533919237129428	9262.62369632721	7.3895044	6.9801235	1327
02_Liver_r2_C_GRCm38_bismark_bt2_pe.bam	47218	23426	23792	0	287	13586307	0.004984817181038931	11877.34052848816	9.211874	8.9505205	1327
02_Liver_r2_N_GRCm38_bismark_bt2_pe.bam	159729	79814	79915	0	257	41121609	0.015087521800822339	3320.6225044727325	2.4942987	2.502353	1327
02_Liver_r2_X_GRCm38_bismark_bt2_pe.bam	59104	29495	29609	0	265	15695669	0.005758742276256538	10770.715054273605	8.402529	8.1165905	1327
02_Liver_r3_C_GRCm38_bismark_bt2_pe.bam	85047	42187	42860	0	240	20463329	0.007507997131262543	11630.51792550087	8.947913	8.76452	1327
02_Liver_r3_N_GRCm38_bismark_bt2_pe.bam	273017	136416	136601	0	224	61251317	0.02247311335912415	2303.0108581781387	1.7209343	1.7355018	1327
02_Liver_r3_X_GRCm38_bismark_bt2_pe.bam	127170	63464	63706	0	225	28670684	0.01051927637107994	10108.654661417007	7.833151	7.617675	1327
02_scAT_r1_C_GRCm38_bismark_bt2_pe.bam	77421	38437	38984	0	270	20958723	0.007689757231529938	11248.203685045242	8.645328	8.476416	1327
02_scAT_r1_N_GRCm38_bismark_bt2_pe.bam	232466	116514	115952	0	250	58221575	0.021361500764493745	2598.4334530830383	1.9529053	1.9581262	1327
02_scAT_r1_X_GRCm38_bismark_bt2_pe.bam	116309	57934	58375	0	249	29060461	0.01066228558516393	9497.275619983673	7.2738905	7.1569524	1327
02_scAT_r2_C_GRCm38_bismark_bt2_pe.bam	53464	26677	26787	0	270	14438265	0.005297400642896783	11719.245294570923	9.032643	8.831383	1327
02_scAT_r2_N_GRCm38_bismark_bt2_pe.bam	204766	102666	102100	0	238	48832455	0.01791663184677856	2846.4612579345703	2.135949	2.1450348	1327
02_scAT_r2_X_GRCm38_bismark_bt2_pe.bam	44459	22219	22240	0	244	10871492	0.003988751329196911	10266.870985031128	7.9508123	7.7369037	1327
03_BAT_r1_C_GRCm38_bismark_bt2_pe.bam	57277	28744	28533	0	279	15988709	0.005866258676904017	11650.262003183365	9.032791	8.779399	1327
03_BAT_r1_N_GRCm38_bismark_bt2_pe.bam	193638	96158	97480	0	254	49210132	0.018055201569844824	2959.3002529144287	2.216563	2.230068	1327
03_BAT_r1_X_GRCm38_bismark_bt2_pe.bam	93387	46325	47062	0	255	23822987	0.008740655934042055	9988.583298921585	7.742563	7.5271916	1327
03_BAT_r2_C_GRCm38_bismark_bt2_pe.bam	42524	21116	21408	0	269	11448421	0.0042004266278221816	11244.65466928482	8.643042	8.473742	1327
03_BAT_r2_N_GRCm38_bismark_bt2_pe.bam	125812	61914	63898	0	252	31747978	0.011648335798509928	3775.560895681381	2.8386555	2.8451853	1327
03_BAT_r2_X_GRCm38_bismark_bt2_pe.bam	62659	31378	31281	0	250	15680412	0.0057531444816732785	9667.59331703186	7.5812974	7.2853003	1327
03_BAT_r3_C_GRCm38_bismark_bt2_pe.bam	40082	19906	20176	0	264	10584959	0.003883622347396733	11851.546411037445	9.100333	8.931083	1327
03_BAT_r3_N_GRCm38_bismark_bt2_pe.bam	146038	72638	73400	0	236	34486036	0.012652929509006906	3492.988284111023	2.6235812	2.6322443	1327
03_BAT_r3_X_GRCm38_bismark_bt2_pe.bam	52518	26177	26341	0	243	12780701	0.004689240271879728	10581.732454299927	8.157934	7.974177	1327
03_Blood_r1_C_GRCm38_bismark_bt2_pe.bam	48549	24209	24340	0	259	12577288	0.004614608025070741	11268.879818439484	8.686343	8.491997	1327
03_Blood_r1_N_GRCm38_bismark_bt2_pe.bam	181387	90229	91158	0	240	43569735	0.015985739436133253	3076.975312232971	2.310854	2.3187456	1327
03_Blood_r1_X_GRCm38_bismark_bt2_pe.bam	86297	43032	43265	0	237	20529087	0.007532123746993423	9444.404398441315	7.341901	7.11711	1327
03_Blood_r2_C_GRCm38_bismark_bt2_pe.bam	104487	52121	52366	0	265	27738103	0.01017711232374092	11286.5889108181	8.68487	8.5053425	1327
03_Blood_r2_N_GRCm38_bismark_bt2_pe.bam	317329	158046	159283	0	250	79518119	0.029175204549337676	2010.1599925756454	1.5039456	1.5148153	1327
03_Blood_r2_X_GRCm38_bismark_bt2_pe.bam	158865	79142	79723	0	249	39582207	0.014522715077543843	9634.916797876358	7.512108	7.260676	1327
03_Blood_r3_C_GRCm38_bismark_bt2_pe.bam	71506	35678	35828	0	257	18402222	0.006751776799603646	11515.011379241943	8.935075	8.677477	1327
03_Blood_r3_N_GRCm38_bismark_bt2_pe.bam	235405	117571	117834	0	232	54715580	0.020075150904105887	2575.597211122513	1.93478	1.9409173	1327
03_Blood_r3_X_GRCm38_bismark_bt2_pe.bam	106317	53235	53082	0	234	24976196	0.00916376841313801	9956.06106543541	7.6929874	7.5026836	1327
03_Liver_r1_C_GRCm38_bismark_bt2_pe.bam	20855	10469	10386	0	243	5067946	0.0018594298136629423	11086.208889961243	8.583463	8.35434	1327
03_Liver_r1_N_GRCm38_bismark_bt2_pe.bam	75902	37660	38242	0	231	17599722	0.006457339482105686	4736.270047187805	3.5677152	3.569156	1327
03_Liver_r1_X_GRCm38_bismark_bt2_pe.bam	37088	18508	18580	0	228	8470662	0.003107886600264045	9289.312099456787	7.3378663	7.000235	1327
03_Liver_r2_C_GRCm38_bismark_bt2_pe.bam	53551	26729	26822	0	271	14551891	0.005339090031853821	11877.026114463806	9.177138	8.950283	1327
03_Liver_r2_N_GRCm38_bismark_bt2_pe.bam	192950	96312	96638	0	245	47349281	0.017372455181429377	2959.9451467990875	2.2216978	2.230554	1327
03_Liver_r2_X_GRCm38_bismark_bt2_pe.bam	69786	34884	34902	0	249	17383631	0.006378055676030357	10607.461373806	8.233236	7.9935656	1327
03_Liver_r3_C_GRCm38_bismark_bt2_pe.bam	40976	20524	20452	0	264	10833663	0.003974871865915128	11570.634804725647	8.9310055	8.719393	1327
03_Liver_r3_N_GRCm38_bismark_bt2_pe.bam	118293	59106	59187	0	242	28629430	0.010504140275010083	3900.4035596847534	2.9275603	2.939264	1327
03_Liver_r3_X_GRCm38_bismark_bt2_pe.bam	56747	28328	28419	0	244	13902497	0.005100827318633548	10212.547636032104	7.9466667	7.6959667	1327
03_scAT_r1_C_GRCm38_bismark_bt2_pe.bam	72729	36029	36700	0	265	19280372	0.007073970108464496	11081.571717739105	8.58868	8.350845	1327
03_scAT_r1_N_GRCm38_bismark_bt2_pe.bam	226873	113312	113561	0	246	55849695	0.020491257792995852	2647.1214969158173	1.9880402	1.9948165	1327
03_scAT_r1_X_GRCm38_bismark_bt2_pe.bam	110108	54702	55406	0	244	26873486	0.009859884273718325	9322.125126838684	7.2704716	7.0249624	1327
03_scAT_r2_C_GRCm38_bismark_bt2_pe.bam	39785	19922	19863	0	264	10539022	0.00386676805823299	11717.979848861694	9.043949	8.830429	1327
03_scAT_r2_N_GRCm38_bismark_bt2_pe.bam	154180	76610	77570	0	235	36372854	0.013345203191906426	3383.097557783127	2.5453093	2.549433	1327
03_scAT_r2_X_GRCm38_bismark_bt2_pe.bam	53027	26429	26598	0	241	12831832	0.004708000240080336	10415.067346096039	8.044484	7.8485813	1327
04_BAT_r1_C_GRCm38_bismark_bt2_pe.bam	39262	19318	19944	0	280	11014543	0.0040412367531288745	11640.686367034912	8.992651	8.772182	1327
04_BAT_r1_N_GRCm38_bismark_bt2_pe.bam	126393	62864	63529	0	258	32659684	0.01198284080659316	3767.436174631119	2.8320084	2.8390627	1327
04_BAT_r1_X_GRCm38_bismark_bt2_pe.bam	62187	31186	31001	0	258	16067321	0.005895101426316042	9954.834600687027	7.707683	7.5017595	1327
04_BAT_r2_C_GRCm38_bismark_bt2_pe.bam	64142	32265	31877	0	260	16720209	0.006134646088430194	11422.122037649155	8.820568	8.607477	1327
04_BAT_r2_N_GRCm38_bismark_bt2_pe.bam	180863	89927	90936	0	246	44618961	0.01637070054378324	3088.3779850006104	2.3150277	2.3273385	1327
04_BAT_r2_X_GRCm38_bismark_bt2_pe.bam	91141	45395	45746	0	244	22322431	0.00819010181143088	9786.515486717224	7.543219	7.3749175	1327
04_BAT_r3_C_GRCm38_bismark_bt2_pe.bam	49542	25017	24525	0	272	13494692	0.00495120362983323	11802.416739463806	9.090092	8.894059	1327
04_BAT_r3_N_GRCm38_bismark_bt2_pe.bam	179764	89727	90037	0	242	43565993	0.015984366496018514	3100.438437461853	2.3238208	2.336427	1327
04_BAT_r3_X_GRCm38_bismark_bt2_pe.bam	64654	31926	32728	0	249	16150166	0.005925497263784102	10589.873660326004	8.199044	7.980312	1327
04_Blood_r1_C_GRCm38_bismark_bt2_pe.bam	33534	16591	16943	0	269	9051916	0.00332114874175309	11329.180098056793	8.805122	8.537437	1327
04_Blood_r1_N_GRCm38_bismark_bt2_pe.bam	122484	61220	61264	0	252	30920160	0.011344609304682481	3824.1712894439697	2.8773317	2.881817	1327
04_Blood_r1_X_GRCm38_bismark_bt2_pe.bam	59132	29782	29350	0	251	14885213	0.005461385901689404	9564.857582092285	7.5393486	7.2078805	1327
04_Blood_r2_C_GRCm38_bismark_bt2_pe.bam	97397	48312	49085	0	268	26131188	0.009587535075083932	11446.617734670639	8.81941	8.6259365	1327
04_Blood_r2_N_GRCm38_bismark_bt2_pe.bam	280998	140390	140608	0	251	70696673	0.025938615269969326	2243.5907378196716	1.6793652	1.690724	1327
04_Blood_r2_X_GRCm38_bismark_bt2_pe.bam	141931	71021	70910	0	250	35535160	0.013037853192848314	9797.857316493988	7.5716257	7.3834643	1327
04_Blood_r3_C_GRCm38_bismark_bt2_pe.bam	76561	38150	38411	0	253	19406264	0.007120159893853222	11540.519518136978	8.916699	8.696699	1327
04_Blood_r3_N_GRCm38_bismark_bt2_pe.bam	251052	125207	125845	0	230	57843386	0.021222743188584418	2461.4370617866516	1.8419389	1.8548886	1327
04_Blood_r3_X_GRCm38_bismark_bt2_pe.bam	113804	56443	57361	0	233	26547375	0.009740234120389256	9930.83821439743	7.720339	7.483676	1327
04_Liver_r1_C_GRCm38_bismark_bt2_pe.bam	19433	9779	9654	0	280	5448740	0.0019991431642913757	11356.561701774597	8.855272	8.558072	1327
04_Liver_r1_N_GRCm38_bismark_bt2_pe.bam	66333	33019	33314	0	258	17157500	0.006295088193110568	4998.638541698456	3.7621262	3.7668715	1327
04_Liver_r1_X_GRCm38_bismark_bt2_pe.bam	32438	16153	16285	0	258	8369049	0.0030706047820174154	9764.128777503967	7.531134	7.3580475	1327
04_Liver_r2_C_GRCm38_bismark_bt2_pe.bam	59810	29274	30536	0	274	16445174	0.006033735723797109	11861.567157268524	9.107863	8.938634	1327
04_Liver_r2_N_GRCm38_bismark_bt2_pe.bam	207342	103311	104031	0	245	50895104	0.018673417938367156	2818.7660751342773	2.1179125	2.1241643	1327
04_Liver_r2_X_GRCm38_bismark_bt2_pe.bam	77953	38580	39373	0	253	19745927	0.007244782277122144	10623.028460025787	8.204813	8.005297	1327
04_Liver_r3_C_GRCm38_bismark_bt2_pe.bam	72157	35717	36440	0	249	17989064	0.0066001890946530885	11557.59635925293	8.880179	8.709568	1327
04_Liver_r3_N_GRCm38_bismark_bt2_pe.bam	225686	112484	113202	0	230	52044329	0.019095068687528017	2663.8361093997955	1.9956081	2.0074122	1327
04_Liver_r3_X_GRCm38_bismark_bt2_pe.bam	64004	31880	32124	0	236	15161421	0.005562726640121149	9974.42550945282	7.6661334	7.5165224	1327
04_scAT_r1_C_GRCm38_bismark_bt2_pe.bam	101490	50549	50941	0	256	26017614	0.009545864764931267	11238.413905858994	8.622519	8.469038	1327
04_scAT_r1_N_GRCm38_bismark_bt2_pe.bam	320627	159876	160751	0	240	77004343	0.028252899923504965	1997.9267414808273	1.489029	1.5055966	1327
04_scAT_r1_X_GRCm38_bismark_bt2_pe.bam	157943	78779	79164	0	238	37636340	0.013808776311577736	9438.543001174927	7.3063803	7.1126924	1327
04_scAT_r2_C_GRCm38_bismark_bt2_pe.bam	35174	17391	17783	0	273	9608052	0.00352519508692947	11657.182249546051	8.999271	8.784614	1327
04_scAT_r2_N_GRCm38_bismark_bt2_pe.bam	134070	67091	66979	0	243	32599345	0.01196070242241807	3654.4434311389923	2.7469385	2.7539136	1327
04_scAT_r2_X_GRCm38_bismark_bt2_pe.bam	46589	23115	23474	0	249	11608680	0.004259225668401504	10378.042672157288	8.124307	7.82068	1327
05_BAT_r1_C_GRCm38_bismark_bt2_pe.bam	17959	9016	8943	0	282	5073955	0.0018616345162683569	11394.83329629898	8.799149	8.586913	1327
05_BAT_r1_N_GRCm38_bismark_bt2_pe.bam	59421	29704	29717	0	257	15302704	0.005614563384704407	5208.503935337067	3.92088	3.925022	1327
05_BAT_r1_X_GRCm38_bismark_bt2_pe.bam	29902	14858	15044	0	256	7669752	0.0028140326538998203	9673.681161403656	7.6485767	7.289888	1327
05_BAT_r2_C_GRCm38_bismark_bt2_pe.bam	42940	21604	21336	0	246	10564019	0.003875939459635478	10942.420175075531	8.541534	8.245983	1327
05_BAT_r2_N_GRCm38_bismark_bt2_pe.bam	133600	66438	67162	0	231	30968546	0.011362362132152208	3658.470550298691	2.7520049	2.7569485	1327
05_BAT_r2_X_GRCm38_bismark_bt2_pe.bam	64976	32534	32442	0	229	14943607	0.0054828106652009	9179.968821525574	7.2658777	6.917836	1327
05_BAT_r3_C_GRCm38_bismark_bt2_pe.bam	11108	5561	5547	0	277	3084167	0.0011315811317080717	11592.127893447876	8.814185	8.73559	1327
05_BAT_r3_N_GRCm38_bismark_bt2_pe.bam	39591	19561	20030	0	249	9871534	0.0036218666548908374	5982.733037948608	4.5066805	4.508465	1327
05_BAT_r3_X_GRCm38_bismark_bt2_pe.bam	14004	6933	7071	0	253	3551227	0.0013029454849923044	10452.116191864014	8.158017	7.8765006	1327
05_Blood_r1_C_GRCm38_bismark_bt2_pe.bam	28852	14632	14220	0	241	6969143	0.002556979152871873	10994.117182731628	8.574616	8.284942	1327
05_Blood_r1_N_GRCm38_bismark_bt2_pe.bam	117809	58578	59231	0	232	27373163	0.01004321580704596	3896.761409521103	2.933475	2.9365196	1327
05_Blood_r1_X_GRCm38_bismark_bt2_pe.bam	54073	27155	26918	0	228	12336982	0.004526439733458698	9054.250015258789	7.0163026	6.823097	1327
05_Blood_r2_C_GRCm38_bismark_bt2_pe.bam	44639	22181	22458	0	239	10669041	0.003914472040268837	10793.478301048279	8.392443	8.133744	1327
05_Blood_r2_N_GRCm38_bismark_bt2_pe.bam	150080	75129	74951	0	229	34385148	0.012615913693321257	3437.28239941597	2.5841932	2.5902655	1327
05_Blood_r2_X_GRCm38_bismark_bt2_pe.bam	70894	35270	35624	0	225	16009398	0.005873849472744161	9052.768122434616	7.1401205	6.8219805	1327
05_Blood_r3_C_GRCm38_bismark_bt2_pe.bam	52624	26012	26612	0	245	12920122	0.0047403938485063735	11458.965545654297	8.833097	8.6352415	1327
05_Blood_r3_N_GRCm38_bismark_bt2_pe.bam	175581	87531	88050	0	223	39280764	0.014412115615489591	3146.8822395801544	2.3577883	2.3714259	1327
05_Blood_r3_X_GRCm38_bismark_bt2_pe.bam	78607	39226	39381	0	226	17787778	0.006526337244323003	9909.3703789711	7.669198	7.4674983	1327
05_Liver_r1_C_GRCm38_bismark_bt2_pe.bam	26413	13134	13279	0	246	6507699	0.0023876753104600003	11163.555594921112	8.70204	8.412626	1327
05_Liver_r1_N_GRCm38_bismark_bt2_pe.bam	98630	48889	49741	0	233	23064914	0.008462518886580834	4245.459843635559	3.1898265	3.1992915	1327
05_Liver_r1_X_GRCm38_bismark_bt2_pe.bam	48603	24116	24487	0	229	11155085	0.004092801624749807	9277.490333557129	7.170166	6.9913263	1327
05_Liver_r2_C_GRCm38_bismark_bt2_pe.bam	64199	32178	32021	0	260	16724033	0.006136049114351829	11855.411887645721	9.170759	8.933995	1327
05_Liver_r2_N_GRCm38_bismark_bt2_pe.bam	240970	120502	120468	0	234	56442233	0.02070866003503399	2542.946970820427	1.9010714	1.9163127	1327
05_Liver_r2_X_GRCm38_bismark_bt2_pe.bam	86023	43467	42556	0	239	20621471	0.007566019444363805	10584.13367986679	8.18299	7.975986	1327
05_Liver_r3_C_GRCm38_bismark_bt2_pe.bam	66124	32731	33393	0	240	15919479	0.00584085818408111	11548.892126083374	8.918682	8.703009	1327
05_Liver_r3_N_GRCm38_bismark_bt2_pe.bam	215527	107054	108473	0	223	48274574	0.01771194526095541	2750.639138698578	2.0620565	2.0728252	1327
05_Liver_r3_X_GRCm38_bismark_bt2_pe.bam	98040	49140	48900	0	225	22078356	0.008100550673401829	9930.025453567505	7.672414	7.4830637	1327
05_scAT_r1_C_GRCm38_bismark_bt2_pe.bam	106746	52835	53911	0	268	28632258	0.010505177868447945	11241.19844174385	8.687178	8.471137	1327
05_scAT_r1_N_GRCm38_bismark_bt2_pe.bam	333690	166516	167174	0	247	82620560	0.030313490413182764	1920.4510989189148	1.4314166	1.4472126	1327
05_scAT_r1_X_GRCm38_bismark_bt2_pe.bam	159874	79978	79896	0	247	39589452	0.014525373268653217	9509.011713981628	7.3454328	7.1657963	1327
05_scAT_r2_C_GRCm38_bismark_bt2_pe.bam	44695	22164	22531	0	281	12594771	0.004621022539241229	11683.564901828766	9.068705	8.804495	1327
05_scAT_r2_N_GRCm38_bismark_bt2_pe.bam	172872	86267	86605	0	244	42183913	0.01547728122777231	3166.3941690921783	2.380221	2.3861299	1327
05_scAT_r2_X_GRCm38_bismark_bt2_pe.bam	59922	30027	29895	0	254	15228176	0.005587219055235886	10386.093198776245	8.06077	7.826747	1327
05_scAT_r3_C_GRCm38_bismark_bt2_pe.bam	51257	25393	25864	0	258	13248765	0.004860972992848407	11323.880854129791	8.745539	8.533444	1327
05_scAT_r3_N_GRCm38_bismark_bt2_pe.bam	168675	84207	84468	0	229	38740345	0.014213835838935162	3219.8778746128082	2.4156787	2.426434	1327
05_scAT_r3_X_GRCm38_bismark_bt2_pe.bam	77108	38413	38695	0	235	18186402	0.00667259242345111	9808.258808851242	7.6969757	7.3913026	1327
06_BAT_r1_C_GRCm38_bismark_bt2_pe.bam	51116	25357	25759	0	275	14072323	0.005163136492317546	11540.660379886627	8.933937	8.696805	1327
06_BAT_r1_N_GRCm38_bismark_bt2_pe.bam	168430	83384	85046	0	250	42238053	0.015497145198326004	3225.0297026634216	2.4177759	2.4303162	1327
06_BAT_r1_X_GRCm38_bismark_bt2_pe.bam	84050	41423	42627	0	250	21027369	0.007714943454703726	9867.54513669014	7.6600714	7.43598	1327
06_BAT_r2_C_GRCm38_bismark_bt2_pe.bam	65274	32811	32463	0	235	15381421	0.005643444658625263	11090.622693538666	8.581203	8.357666	1327
06_BAT_r2_N_GRCm38_bismark_bt2_pe.bam	199351	99175	100176	0	226	45221134	0.01659163786813177	2897.0731985569	2.1746142	2.183175	1327
06_BAT_r2_X_GRCm38_bismark_bt2_pe.bam	99387	49069	50318	0	223	22199244	0.008144904490769671	9339.996169567108	7.330799	7.0384297	1327
06_BAT_r3_C_GRCm38_bismark_bt2_pe.bam	28482	14099	14383	0	252	7183163	0.0026355031088730113	11660.766820907593	9.040696	8.787314	1327
06_BAT_r3_N_GRCm38_bismark_bt2_pe.bam	110394	55088	55306	0	227	25142131	0.009224649978594738	4021.977984905243	3.027263	3.0308802	1327
06_BAT_r3_X_GRCm38_bismark_bt2_pe.bam	38151	19016	19135	0	232	8867864	0.003253620047472549	10243.682996749878	8.034063	7.7194295	1327
06_Blood_r1_C_GRCm38_bismark_bt2_pe.bam	50028	25091	24937	0	249	12501480	0.004586794063494559	11364.887258529663	8.713438	8.564346	1327
06_Blood_r1_N_GRCm38_bismark_bt2_pe.bam	186687	93820	92867	0	236	44214954	0.016222470341502367	3015.7739129066467	2.2693036	2.2726254	1327
06_Blood_r1_X_GRCm38_bismark_bt2_pe.bam	90405	44911	45494	0	233	21127354	0.007751627959613425	9592.2562417984	7.4674535	7.2285275	1327
06_Blood_r2_C_GRCm38_bismark_bt2_pe.bam	24832	12250	12582	0	255	6333193	0.002323649044382369	10899.892783641815	8.50158	8.213936	1327
06_Blood_r2_N_GRCm38_bismark_bt2_pe.bam	79420	39660	39760	0	243	19366005	0.007105388863367054	4652.244233131409	3.5023506	3.505836	1327
06_Blood_r2_X_GRCm38_bismark_bt2_pe.bam	36883	18391	18492	0	240	8881064	0.0032584631285827955	9181.591401576996	7.082828	6.9190593	1327
06_Blood_r3_C_GRCm38_bismark_bt2_pe.bam	21913	11056	10857	0	241	5296144	0.0019431556790565861	10880.114999771118	8.51207	8.199032	1327
06_Blood_r3_N_GRCm38_bismark_bt2_pe.bam	75474	37549	37925	0	221	16725151	0.006136459308645864	4748.551681518555	3.5758731	3.578411	1327
06_Blood_r3_X_GRCm38_bismark_bt2_pe.bam	32692	16284	16408	0	223	7305245	0.00268029500494128	9456.2508893013	7.2568464	7.1260366	1327
06_Liver_r1_C_GRCm38_bismark_bt2_pe.bam	29646	15007	14639	0	239	7103247	0.002606181921751308	11182.750944137573	8.660981	8.427092	1327
06_Liver_r1_N_GRCm38_bismark_bt2_pe.bam	110003	54701	55302	0	231	25474345	0.009346539323137126	4029.6193187236786	3.0323822	3.0366385	1327
06_Liver_r1_X_GRCm38_bismark_bt2_pe.bam	53171	26651	26520	0	226	12046985	0.0044200398097671645	9439.412390708923	7.403142	7.1133475	1327
06_Liver_r2_C_GRCm38_bismark_bt2_pe.bam	56477	28403	28074	0	240	13596476	0.004988548187994242	11722.239805221558	9.004173	8.83364	1327
06_Liver_r2_N_GRCm38_bismark_bt2_pe.bam	225976	112563	113413	0	220	49903336	0.01830953817574994	2657.9856877326965	1.9937555	2.0030036	1327
06_Liver_r2_X_GRCm38_bismark_bt2_pe.bam	79932	39803	40129	0	222	17824584	0.0065398413688187405	10345.22157073021	7.967011	7.795947	1327
06_Liver_r3_C_GRCm38_bismark_bt2_pe.bam	58244	29103	29141	0	237	13845024	0.005079740470099517	11546.85855603218	8.9091015	8.701476	1327
06_Liver_r3_N_GRCm38_bismark_bt2_pe.bam	183734	91413	92321	0	223	41034624	0.015055606997006065	3051.4677267074585	2.2923064	2.2995236	1327
06_Liver_r3_X_GRCm38_bismark_bt2_pe.bam	85186	42658	42528	0	224	19113035	0.007012574149089847	10097.501207590103	7.8011675	7.60927	1327
06_scAT_r1_C_GRCm38_bismark_bt2_pe.bam	72691	36080	36611	0	276	20106817	0.0073771928484764595	11145.635485172272	8.64006	8.399122	1327
06_scAT_r1_N_GRCm38_bismark_bt2_pe.bam	223618	111281	112337	0	255	57127953	0.02096025076070963	2687.869418144226	2.0088887	2.0255232	1327
06_scAT_r1_X_GRCm38_bismark_bt2_pe.bam	105898	52902	52996	0	253	26892871	0.00986699663184879	9377.289816141129	7.3267155	7.0665336	1327
06_scAT_r2_C_GRCm38_bismark_bt2_pe.bam	62408	31167	31241	0	272	17002839	0.006238343059202092	11785.561475276947	9.131409	8.881357	1327
06_scAT_r2_N_GRCm38_bismark_bt2_pe.bam	233305	117191	116114	0	239	55770406	0.020462166652226887	2606.676264643669	1.9477078	1.9643378	1327
06_scAT_r2_X_GRCm38_bismark_bt2_pe.bam	82911	41676	41235	0	247	20554034	0.007541276803391705	10466.117738962173	8.051724	7.8870516	1327
06_scAT_r3_C_GRCm38_bismark_bt2_pe.bam	87751	43537	44214	0	254	22320802	0.008189504131193867	11461.247720718384	8.867992	8.636961	1327
06_scAT_r3_N_GRCm38_bismark_bt2_pe.bam	288600	144069	144531	0	229	66280190	0.02431820728580068	2190.4451521635056	1.6408538	1.6506746	1327
06_scAT_r3_X_GRCm38_bismark_bt2_pe.bam	129171	64369	64802	0	232	30083928	0.011037795713547337	9939.992864131927	7.7075334	7.490575	1327
07_BAT_r1_C_GRCm38_bismark_bt2_pe.bam	41907	20752	21155	0	295	12395790	0.004548016393605015	11441.488564014435	8.898593	8.622071	1327
07_BAT_r1_N_GRCm38_bismark_bt2_pe.bam	139811	69412	70399	0	268	37530786	0.01377004854009963	3570.779457092285	2.6864471	2.6908662	1327
07_BAT_r1_X_GRCm38_bismark_bt2_pe.bam	65980	32788	33192	0	269	17775693	0.006521903256806538	9842.5018658638	7.622267	7.4171076	1327
07_BAT_r2_C_GRCm38_bismark_bt2_pe.bam	100459	50126	50333	0	262	26346202	0.009666423729768675	11450.090818881989	8.774753	8.628553	1327
07_BAT_r2_N_GRCm38_bismark_bt2_pe.bam	289071	144420	144651	0	246	71121068	0.02609432583116502	2197.2512118816376	1.638501	1.6558034	1327
07_BAT_r2_X_GRCm38_bismark_bt2_pe.bam	145974	72542	73432	0	244	35625012	0.01307081989920573	9816.778461456299	7.5311046	7.397723	1327
07_BAT_r3_C_GRCm38_bismark_bt2_pe.bam	14866	7401	7465	0	235	3496802	0.001282976947914639	11317.71101474762	8.879194	8.528795	1327
07_BAT_r3_N_GRCm38_bismark_bt2_pe.bam	56918	28340	28578	0	217	12395005	0.0045477283770389895	5286.614996910095	3.9829683	3.9838848	1327
07_BAT_r3_X_GRCm38_bismark_bt2_pe.bam	20583	10263	10320	0	218	4496227	0.0016496660644758823	10110.476672172546	7.924331	7.619048	1327
07_Blood_r1_C_GRCm38_bismark_bt2_pe.bam	29294	14580	14714	0	251	7381616	0.002708315531264815	11003.722143173218	8.552683	8.292179	1327
07_Blood_r1_N_GRCm38_bismark_bt2_pe.bam	113710	56474	57236	0	236	26849643	0.0098511362750129	3967.4071044921875	2.984566	2.9897566	1327
07_Blood_r1_X_GRCm38_bismark_bt2_pe.bam	53438	26597	26841	0	233	12474062	0.004576734396988443	9081.046661376953	7.033345	6.843291	1327
07_Blood_r2_C_GRCm38_bismark_bt2_pe.bam	10362	5253	5109	0	286	2968111	0.0010890001755466474	10836.113461971283	8.177516	8.165873	1327
07_Blood_r2_N_GRCm38_bismark_bt2_pe.bam	31149	15631	15518	0	264	8246359	0.003025589810698008	6441.249563217163	4.8526673	4.8539934	1327
07_Blood_r2_X_GRCm38_bismark_bt2_pe.bam	15015	7464	7551	0	266	3995771	0.0014660487159827253	9489.771401405334	7.0574517	7.151297	1327
07_Blood_r3_C_GRCm38_bismark_bt2_pe.bam	55895	27628	28267	0	256	14344277	0.00526291643779149	11413.24787902832	8.861577	8.60079	1327
07_Blood_r3_N_GRCm38_bismark_bt2_pe.bam	179659	89739	89920	0	232	41858481	0.015357880199600353	3106.5226290225983	2.3246636	2.3410118	1327
07_Blood_r3_X_GRCm38_bismark_bt2_pe.bam	82449	41373	41076	0	236	19501458	0.007155086580459952	9926.975964307785	7.7702794	7.480766	1327
07_Liver_r1_C_GRCm38_bismark_bt2_pe.bam	35701	17528	18173	0	244	8740868	0.003207025204390965	11293.211865901947	8.714783	8.510333	1327
07_Liver_r1_N_GRCm38_bismark_bt2_pe.bam	134226	66505	67721	0	231	31038577	0.011388056511942489	3648.8253757953644	2.745261	2.74968	1327
07_Liver_r1_X_GRCm38_bismark_bt2_pe.bam	64189	31826	32363	0	228	14640874	0.005371737902038146	9456.007753372192	7.283458	7.1258535	1327
07_Liver_r2_C_GRCm38_bismark_bt2_pe.bam	66572	33288	33284	0	255	16993293	0.006234840630999182	11804.9620885849	9.078866	8.895977	1327
07_Liver_r2_N_GRCm38_bismark_bt2_pe.bam	247456	123566	123890	0	230	56976944	0.02090484554590832	2481.017424583435	1.862753	1.8696439	1327
07_Liver_r2_X_GRCm38_bismark_bt2_pe.bam	86699	43098	43601	0	235	20418434	0.007491525151986443	10565.512452840805	8.228281	7.9619536	1327
07_Liver_r3_C_GRCm38_bismark_bt2_pe.bam	44192	22182	22010	0	251	11125977	0.004082121897101544	11561.28894853592	8.892388	8.712351	1327
07_Liver_r3_N_GRCm38_bismark_bt2_pe.bam	138478	68757	69721	0	230	31906041	0.011706329126504544	3587.359764814377	2.700268	2.7033608	1327
07_Liver_r3_X_GRCm38_bismark_bt2_pe.bam	63923	32021	31902	0	232	14880102	0.005459510675359519	10014.77954006195	7.774876	7.5469327	1327
07_scAT_r1_C_GRCm38_bismark_bt2_pe.bam	87175	43891	43284	0	257	22434713	0.008231298086674875	11201.978590011597	8.689866	8.441582	1327
07_scAT_r1_N_GRCm38_bismark_bt2_pe.bam	271728	135571	136157	0	240	65472916	0.02402201838730118	2322.1980580091476	1.7277617	1.7499609	1327
07_scAT_r1_X_GRCm38_bismark_bt2_pe.bam	132931	66634	66297	0	239	31789632	0.011663618654613428	9380.015992641449	7.233179	7.068588	1327
07_scAT_r2_C_GRCm38_bismark_bt2_pe.bam	67757	33411	34346	0	269	18268551	0.00670273289846063	11778.810669183731	9.053411	8.87627	1327
07_scAT_r2_N_GRCm38_bismark_bt2_pe.bam	258747	128544	130203	0	237	61412671	0.022532314155295573	2400.7663263082504	1.7983829	1.8091683	1327
07_scAT_r2_X_GRCm38_bismark_bt2_pe.bam	91350	45469	45881	0	245	22410596	0.008222449557346405	10534.786759376526	8.096308	7.9387994	1327
07_scAT_r3_C_GRCm38_bismark_bt2_pe.bam	66828	33186	33642	0	245	16375871	0.006008308447268061	11419.645831108093	8.810294	8.605611	1327
07_scAT_r3_N_GRCm38_bismark_bt2_pe.bam	229641	114384	115257	0	222	51136882	0.018762126306903007	2623.88221347332	1.9705449	1.9773039	1327
07_scAT_r3_X_GRCm38_bismark_bt2_pe.bam	103531	51684	51847	0	225	23378393	0.008577534358047428	9828.019773483276	7.5937934	7.406194	1327
08_BAT_r1_C_GRCm38_bismark_bt2_pe.bam	35901	17981	17920	0	285	10262656	0.0037653693495879547	11484.9456949234	8.887295	8.6548195	1327
08_BAT_r1_N_GRCm38_bismark_bt2_pe.bam	118898	58997	59901	0	259	30885106	0.011331747989134102	3887.033982038498	2.9202003	2.9291892	1327
08_BAT_r1_X_GRCm38_bismark_bt2_pe.bam	58470	29033	29437	0	261	15268721	0.0056020950191461106	9871.865220546722	7.6811223	7.439235	1327
08_BAT_r2_C_GRCm38_bismark_bt2_pe.bam	91584	45721	45863	0	256	23467489	0.008610223687941258	11248.54681301117	8.696688	8.476674	1327
08_BAT_r2_N_GRCm38_bismark_bt2_pe.bam	271788	135521	136267	0	241	65575537	0.024059670040832593	2304.957372188568	1.7274432	1.7369686	1327
08_BAT_r2_X_GRCm38_bismark_bt2_pe.bam	135061	67276	67785	0	239	32319772	0.011858127065203295	9559.747337579727	7.47328	7.2040296	1327
08_BAT_r3_C_GRCm38_bismark_bt2_pe.bam	32320	16387	15933	0	280	9065199	0.003326022275570318	11788.929361820221	9.121354	8.883896	1327
08_BAT_r3_N_GRCm38_bismark_bt2_pe.bam	115497	57515	57982	0	248	28739833	0.010544647144996035	3936.378336429596	2.9620695	2.966374	1327
08_BAT_r3_X_GRCm38_bismark_bt2_pe.bam	41982	20906	21076	0	254	10699469	0.0039256360760281245	10562.846956729889	8.159047	7.9599447	1327
08_Blood_r1_C_GRCm38_bismark_bt2_pe.bam	57574	28617	28957	0	246	14192373	0.005207182847414904	11390.60558128357	8.762295	8.583727	1327
08_Blood_r1_N_GRCm38_bismark_bt2_pe.bam	214914	107233	107681	0	231	49823789	0.018280352374759272	2751.5306651592255	2.0661654	2.073497	1327
08_Blood_r1_X_GRCm38_bismark_bt2_pe.bam	104539	52266	52273	0	228	23900885	0.008769236716794025	9687.080969333649	7.4278116	7.299986	1327
08_Blood_r2_C_GRCm38_bismark_bt2_pe.bam	32345	16264	16081	0	244	7923419	0.0029071030975356517	10711.935101509094	8.409745	8.072295	1327
08_Blood_r2_N_GRCm38_bismark_bt2_pe.bam	106987	53125	53862	0	234	25042440	0.009188073342309767	4082.601338863373	3.0724893	3.0765648	1327
08_Blood_r2_X_GRCm38_bismark_bt2_pe.bam	49728	24967	24761	0	230	11440333	0.004197459139941903	8981.676911354065	6.9147606	6.768408	1327
08_Blood_r3_C_GRCm38_bismark_bt2_pe.bam	37197	18582	18615	0	267	9966470	0.0036566986812758668	11516.37953042984	8.918595	8.678508	1327
08_Blood_r3_N_GRCm38_bismark_bt2_pe.bam	115132	57300	57832	0	242	27959869	0.01025847828779357	3944.6309731006622	2.966636	2.972593	1327
08_Blood_r3_X_GRCm38_bismark_bt2_pe.bam	53513	26694	26819	0	246	13177247	0.004834733032633056	10082.694151878357	7.8089294	7.5981116	1327
08_Liver_r1_C_GRCm38_bismark_bt2_pe.bam	19528	9591	9937	0	250	4895679	0.0017962250368736327	11308.824055194855	8.848237	8.522098	1327
08_Liver_r1_N_GRCm38_bismark_bt2_pe.bam	70585	34952	35633	0	237	16739027	0.006141550414212969	4878.044955253601	3.6724913	3.6759946	1327
08_Liver_r1_X_GRCm38_bismark_bt2_pe.bam	33494	16495	16999	0	235	7885170	0.0028930695362185434	9504.266972541809	7.484916	7.162221	1327
08_Liver_r2_C_GRCm38_bismark_bt2_pe.bam	20929	10478	10451	0	231	4847567	0.0017785727400269514	11395.434792518616	8.900281	8.587366	1327
08_Liver_r2_N_GRCm38_bismark_bt2_pe.bam	88913	44176	44737	0	217	19327230	0.007091162312605704	4442.4778008461	3.3394587	3.3477602	1327
08_Liver_r2_X_GRCm38_bismark_bt2_pe.bam	29745	14976	14769	0	217	6459000	0.0023698076432639463	10003.275542736053	7.878564	7.5382633	1327
08_Liver_r3_C_GRCm38_bismark_bt2_pe.bam	67282	33307	33975	0	247	16624962	0.006099699956119007	11606.690239191055	8.93803	8.746564	1327
08_Liver_r3_N_GRCm38_bismark_bt2_pe.bam	207272	102940	104332	0	228	47334967	0.017367203373625434	2836.388496398926	2.1183996	2.1374443	1327
08_Liver_r3_X_GRCm38_bismark_bt2_pe.bam	97830	48512	49318	0	229	22453475	0.00823818186605294	10154.390583992004	7.8130107	7.6521406	1327
08_scAT_r1_C_GRCm38_bismark_bt2_pe.bam	33033	16368	16665	0	293	9690500	0.003555445265064139	11252.337080001831	8.727303	8.47953	1327
08_scAT_r1_N_GRCm38_bismark_bt2_pe.bam	93914	46904	47010	0	274	25747138	0.009446627097781638	4333.0445902347565	3.2605128	3.2652936	1327
08_scAT_r1_X_GRCm38_bismark_bt2_pe.bam	46449	23290	23159	0	273	12690848	0.004656273198622228	9691.306369781494	7.5981336	7.3031697	1327
08_scAT_r2_C_GRCm38_bismark_bt2_pe.bam	73365	36779	36586	0	268	19682821	0.007221628680414323	11792.869512796402	9.054166	8.886865	1327
08_scAT_r2_N_GRCm38_bismark_bt2_pe.bam	283544	141825	141719	0	236	66917296	0.024551961530787415	2223.3696479797363	1.6663523	1.6754858	1327
08_scAT_r2_X_GRCm38_bismark_bt2_pe.bam	98271	48945	49326	0	242	23817747	0.00873873337760132	10504.711045503616	8.101978	7.916135	1327
08_scAT_r3_C_GRCm38_bismark_bt2_pe.bam	64102	31716	32386	0	246	15782087	0.005790449047725122	11536.716984033585	8.917683	8.693833	1327
08_scAT_r3_N_GRCm38_bismark_bt2_pe.bam	205271	102163	103108	0	227	46640308	0.01711233292809794	2837.9206449985504	2.1323953	2.138599	1327
08_scAT_r3_X_GRCm38_bismark_bt2_pe.bam	92811	45863	46948	0	228	21218001	0.007784886351537708	10032.666689157486	7.7514887	7.560412	1327
09_BAT_r1_C_GRCm38_bismark_bt2_pe.bam	37029	18475	18554	0	277	10288406	0.003774817026753777	11619.178475856781	8.925126	8.755975	1327
09_BAT_r1_N_GRCm38_bismark_bt2_pe.bam	117954	58516	59438	0	258	30502710	0.011191446864570926	3904.3826217651367	2.9317005	2.9422626	1327
09_BAT_r1_X_GRCm38_bismark_bt2_pe.bam	59694	29833	29861	0	257	15347038	0.005630829533033323	9972.055009365082	7.6512327	7.514736	1327
09_BAT_r2_C_GRCm38_bismark_bt2_pe.bam	73337	35844	37493	0	243	17873524	0.006557797458935065	11214.458955287933	8.723511	8.450987	1327
09_BAT_r2_N_GRCm38_bismark_bt2_pe.bam	221147	109885	111262	0	233	51651986	0.018951118007828203	2703.8152158260345	2.0249195	2.0375397	1327
09_BAT_r2_X_GRCm38_bismark_bt2_pe.bam	109470	54223	55247	0	229	25169537	0.009234705242299844	9498.757341861725	7.43932	7.1580687	1327
09_BAT_r3_C_GRCm38_bismark_bt2_pe.bam	41303	20339	20964	0	267	11064052	0.004059401609393057	11730.072044372559	8.989927	8.839541	1327
09_BAT_r3_N_GRCm38_bismark_bt2_pe.bam	149394	74098	75296	0	240	35995856	0.013206882593997273	3450.619570016861	2.590803	2.6003163	1327
09_BAT_r3_X_GRCm38_bismark_bt2_pe.bam	53946	26635	27311	0	245	13255403	0.004863408475606726	10467.965255737305	8.119231	7.888444	1327
09_Blood_r1_C_GRCm38_bismark_bt2_pe.bam	35141	17354	17787	0	271	9541383	0.0035007342252219666	11419.473258018494	8.830701	8.605481	1327
09_Blood_r1_N_GRCm38_bismark_bt2_pe.bam	122279	60961	61318	0	252	30826073	0.01131008877646886	3827.834141731262	2.8797483	2.8845773	1327
09_Blood_r1_X_GRCm38_bismark_bt2_pe.bam	59049	29278	29771	0	250	14780617	0.005423009620491875	9736.492400407791	7.541375	7.337221	1327
09_Blood_r2_C_GRCm38_bismark_bt2_pe.bam	75764	37503	38261	0	268	20339652	0.00746262002956012	11473.46491599083	8.809807	8.646168	1327
09_Blood_r2_N_GRCm38_bismark_bt2_pe.bam	215649	107467	108182	0	252	54415144	0.01996492091043633	2768.3043818473816	2.06124	2.0861375	1327
09_Blood_r2_X_GRCm38_bismark_bt2_pe.bam	108004	54244	53760	0	249	26996332	0.009904956481450853	9888.52047252655	7.6031604	7.4517865	1327
09_Blood_r3_C_GRCm38_bismark_bt2_pe.bam	15074	7392	7682	0	253	3827583	0.0014043405246364988	11308.352902412415	8.859149	8.521743	1327
09_Blood_r3_N_GRCm38_bismark_bt2_pe.bam	47751	23992	23759	0	233	11141260	0.004087729231086991	5623.8792452812195	4.236322	4.23804	1327
09_Blood_r3_X_GRCm38_bismark_bt2_pe.bam	22025	10760	11265	0	235	5194627	0.0019059090832180313	9859.12160396576	7.504714	7.429632	1327
09_Liver_r1_C_GRCm38_bismark_bt2_pe.bam	36963	18557	18406	0	269	9967317	0.0036570094456471075	11389.679666519165	8.757774	8.583029	1327
09_Liver_r1_N_GRCm38_bismark_bt2_pe.bam	126237	62803	63434	0	251	31704990	0.011632563497694223	3767.7134227752686	2.83379	2.8392715	1327
09_Liver_r1_X_GRCm38_bismark_bt2_pe.bam	62502	31116	31386	0	249	15587010	0.005718875280017272	9673.107918262482	7.5849166	7.289456	1327
09_Liver_r2_C_GRCm38_bismark_bt2_pe.bam	64728	32080	32648	0	248	16061085	0.005892813437391535	11784.60662484169	9.07875	8.880638	1327
09_Liver_r2_N_GRCm38_bismark_bt2_pe.bam	247048	123626	123422	0	229	56687859	0.020798780235093496	2497.4565395116806	1.8651336	1.882032	1327
09_Liver_r2_X_GRCm38_bismark_bt2_pe.bam	88601	44500	44101	0	232	20580429	0.007550961131111779	10460.34919667244	8.081495	7.8827047	1327
09_Liver_r3_C_GRCm38_bismark_bt2_pe.bam	45140	22685	22455	0	257	11604549	0.0042577100041540465	11546.714824676514	8.928882	8.701367	1327
09_Liver_r3_N_GRCm38_bismark_bt2_pe.bam	135932	68037	67895	0	234	31929027	0.011714762691837887	3632.861955165863	2.7270398	2.7376504	1327
09_Liver_r3_X_GRCm38_bismark_bt2_pe.bam	63316	31734	31582	0	237	15043027	0.005519287871563077	10080.232528686523	7.788641	7.5962567	1327
09_scAT_r1_C_GRCm38_bismark_bt2_pe.bam	41764	20866	20898	0	276	11562084	0.004242129592082332	11048.278533935547	8.581596	8.325756	1327
09_scAT_r1_N_GRCm38_bismark_bt2_pe.bam	125083	62221	62862	0	257	32153739	0.011797209543538325	3785.1251373291016	2.8470392	2.8523927	1327
09_scAT_r1_X_GRCm38_bismark_bt2_pe.bam	61182	30689	30493	0	254	15600306	0.005723753583535594	9300.974137306213	7.3526773	7.0090237	1327
09_scAT_r2_C_GRCm38_bismark_bt2_pe.bam	71274	35902	35372	0	270	19310302	0.007084951427981896	11691.88990354538	9.019934	8.810768	1327
09_scAT_r2_N_GRCm38_bismark_bt2_pe.bam	280231	139952	140279	0	238	66897464	0.02454468516831935	2243.5663813352585	1.6833084	1.6907057	1327
09_scAT_r2_X_GRCm38_bismark_bt2_pe.bam	96530	48226	48304	0	246	23752340	0.008714735543799963	10375.558842420578	8.016735	7.8188086	1327
10_BAT_r1_C_GRCm38_bismark_bt2_pe.bam	53590	26922	26668	0	250	13411562	0.004920703225841198	11536.667468547821	8.865748	8.693796	1327
10_BAT_r1_N_GRCm38_bismark_bt2_pe.bam	183735	91491	92244	0	237	43550589	0.01597871476712289	3054.696359872818	2.2922986	2.3019567	1327
10_BAT_r1_X_GRCm38_bismark_bt2_pe.bam	92349	46279	46070	0	232	21513721	0.0078933860444106	9796.847261190414	7.6066847	7.3827033	1327
10_BAT_r2_C_GRCm38_bismark_bt2_pe.bam	62496	31282	31214	0	245	15360998	0.005635951458207492	11182.436114788055	8.643949	8.426855	1327
10_BAT_r2_N_GRCm38_bismark_bt2_pe.bam	188639	93808	94831	0	235	44360696	0.01627594309356067	2998.6842679977417	2.254297	2.259747	1327
10_BAT_r2_X_GRCm38_bismark_bt2_pe.bam	93871	46863	47008	0	231	21742384	0.007977282518343357	9503.533597707748	7.4131765	7.1616683	1327
10_BAT_r3_C_GRCm38_bismark_bt2_pe.bam	38888	19359	19529	0	256	9965476	0.003656333982592262	11600.168438911438	9.006459	8.74165	1327
10_BAT_r3_N_GRCm38_bismark_bt2_pe.bam	145231	72830	72401	0	231	33675891	0.012355687240365931	3501.660892009735	2.6315756	2.6387799	1327
10_BAT_r3_X_GRCm38_bismark_bt2_pe.bam	52146	25858	26288	0	236	12345667	0.004529626260689189	10373.996684074402	8.068655	7.8176312	1327
10_Blood_r1_C_GRCm38_bismark_bt2_pe.bam	20180	10081	10099	0	276	5588016	0.0020502435404058253	11173.276255607605	8.63093	8.419952	1327
10_Blood_r1_N_GRCm38_bismark_bt2_pe.bam	75865	37575	38290	0	255	19388151	0.007113514232629746	4737.875405073166	3.5684185	3.570366	1327
10_Blood_r1_X_GRCm38_bismark_bt2_pe.bam	35376	17754	17622	0	253	8950263	0.0032838522475030964	9400.002545833588	7.406048	7.083649	1327
10_Blood_r2_C_GRCm38_bismark_bt2_pe.bam	51996	26144	25852	0	272	14173385	0.00520021614861783	11462.852288722992	8.789017	8.63817	1327
10_Blood_r2_N_GRCm38_bismark_bt2_pe.bam	148862	73997	74865	0	253	37808618	0.01387198512426797	3456.4250214099884	2.5959494	2.604691	1327
10_Blood_r2_X_GRCm38_bismark_bt2_pe.bam	74497	37177	37320	0	253	18897517	0.006933500576762713	9825.540933132172	7.6535645	7.4043264	1327
10_Blood_r3_C_GRCm38_bismark_bt2_pe.bam	64055	31743	32312	0	247	15843574	0.00581300863319677	11479.847883462906	8.822526	8.650978	1327
10_Blood_r3_N_GRCm38_bismark_bt2_pe.bam	216557	108030	108527	0	227	49306328	0.01809049589033583	2745.861639022827	2.0551782	2.069225	1327
10_Blood_r3_X_GRCm38_bismark_bt2_pe.bam	96432	48206	48226	0	229	22122351	0.008116692442602231	9944.108558893204	7.6962724	7.493676	1327
10_Liver_r1_C_GRCm38_bismark_bt2_pe.bam	38538	19244	19294	0	262	10119175	0.0037127261586198243	11361.227897644043	8.867499	8.561588	1327
10_Liver_r1_N_GRCm38_bismark_bt2_pe.bam	135482	67569	67913	0	247	33521730	0.012299125556499509	3632.035412311554	2.731824	2.7370274	1327
10_Liver_r1_X_GRCm38_bismark_bt2_pe.bam	66890	33517	33373	0	245	16397541	0.006016259172090716	9692.671864032745	7.602505	7.3041987	1327
10_Liver_r2_C_GRCm38_bismark_bt2_pe.bam	52538	26105	26433	0	259	13614175	0.0049950419525828975	11835.895386695862	9.05785	8.919289	1327
10_Liver_r2_N_GRCm38_bismark_bt2_pe.bam	192798	96571	96227	0	235	45442393	0.016672817813841778	2963.2789163589478	2.2228348	2.2330663	1327
10_Liver_r2_X_GRCm38_bismark_bt2_pe.bam	70390	34933	35457	0	239	16846705	0.006181057481469723	10556.5979347229	8.076413	7.955236	1327
10_Liver_r3_C_GRCm38_bismark_bt2_pe.bam	37333	18663	18670	0	229	8562759	0.0031416769973102872	11341.359998226166	8.743404	8.546617	1327
10_Liver_r3_N_GRCm38_bismark_bt2_pe.bam	125813	63023	62790	0	215	27069473	0.009931791920502715	3771.7447299957275	2.838644	2.8423095	1327
10_Liver_r3_X_GRCm38_bismark_bt2_pe.bam	56348	28085	28263	0	214	12085087	0.0044340194367719086	9792.520077228546	7.608923	7.379442	1327
10_scAT_r1_C_GRCm38_bismark_bt2_pe.bam	80564	40638	39926	0	260	20972526	0.007694821553390903	11136.390837192535	8.587917	8.392156	1327
10_scAT_r1_N_GRCm38_bismark_bt2_pe.bam	254070	126504	127566	0	243	61916735	0.0227172552792922	2438.295731782913	1.8246989	1.8374497	1327
10_scAT_r1_X_GRCm38_bismark_bt2_pe.bam	120983	60200	60783	0	241	29220978	0.010721179285964952	9446.611311674118	7.369052	7.1187725	1327
10_scAT_r2_C_GRCm38_bismark_bt2_pe.bam	50075	24939	25136	0	267	13402833	0.004917500555007006	11640.865735530853	9.0202055	8.772318	1327
10_scAT_r2_N_GRCm38_bismark_bt2_pe.bam	196929	98523	98406	0	235	46430330	0.017035291982236772	2917.171296596527	2.1922495	2.1983204	1327
10_scAT_r2_X_GRCm38_bismark_bt2_pe.bam	68949	34421	34528	0	242	16709392	0.006130677330220381	10247.65451335907	7.94579	7.7224226	1327
11_BAT_r1_C_GRCm38_bismark_bt2_pe.bam	38398	19012	19386	0	254	9768654	0.003584119974237641	11506.652961730957	8.87275	8.671178	1327
11_BAT_r1_N_GRCm38_bismark_bt2_pe.bam	129457	64621	64836	0	241	31310860	0.011487957167544104	3722.538874387741	2.797452	2.805229	1327
11_BAT_r1_X_GRCm38_bismark_bt2_pe.bam	65092	32058	33034	0	238	15504412	0.005688570066869987	9785.303237199783	7.6418157	7.374004	1327
11_BAT_r2_C_GRCm38_bismark_bt2_pe.bam	33681	16642	17039	0	276	9310139	0.003415890782172125	11496.77001619339	8.891921	8.663731	1327
11_BAT_r2_N_GRCm38_bismark_bt2_pe.bam	85355	42458	42897	0	259	22141602	0.008123755636121424	4515.598919868469	3.3983774	3.4028628	1327
11_BAT_r2_X_GRCm38_bismark_bt2_pe.bam	45224	22553	22671	0	259	11734323	0.004305324095669287	10074.675878047943	7.788696	7.592069	1327
11_BAT_r3_C_GRCm38_bismark_bt2_pe.bam	21162	10630	10532	0	262	5553185	0.0020374640435762035	11362.260352611542	8.884308	8.5623665	1327
11_BAT_r3_N_GRCm38_bismark_bt2_pe.bam	63447	31321	32126	0	236	15024329	0.005512427573790396	5082.389931201935	3.8263013	3.829985	1327
11_BAT_r3_X_GRCm38_bismark_bt2_pe.bam	29602	14842	14760	0	243	7204681	0.0026433980648828815	9954.929241657257	7.8855166	7.5018306	1327
11_Blood_r1_C_GRCm38_bismark_bt2_pe.bam	48427	23938	24489	0	271	13154345	0.004826330286906778	11374.1947889328	8.760362	8.57136	1327
11_Blood_r1_N_GRCm38_bismark_bt2_pe.bam	176056	87919	88137	0	250	44189505	0.016213133101261865	3131.45303940773	2.3538907	2.359799	1327
11_Blood_r1_X_GRCm38_bismark_bt2_pe.bam	85109	42307	42802	0	248	21151875	0.007760624716575877	9648.589678287506	7.461435	7.2709794	1327
11_Blood_r2_C_GRCm38_bismark_bt2_pe.bam	96001	47838	48163	0	263	25339304	0.009296992768878881	11320.285385131836	8.702735	8.530735	1327
11_Blood_r2_N_GRCm38_bismark_bt2_pe.bam	286641	142747	143894	0	247	70925871	0.026022708035447078	2206.4206264019012	1.6506801	1.6627134	1327
11_Blood_r2_X_GRCm38_bismark_bt2_pe.bam	142015	70875	71140	0	245	34922331	0.012813006181203507	9627.44230055809	7.459741	7.255043	1327
11_Blood_r3_C_GRCm38_bismark_bt2_pe.bam	40484	20173	20311	0	259	10509987	0.003856115114290868	11255.664596557617	8.713967	8.4820385	1327
11_Blood_r3_N_GRCm38_bismark_bt2_pe.bam	135883	68303	67580	0	235	31967185	0.011728762865247341	3628.2482941150665	2.72756	2.7341735	1327
11_Blood_r3_X_GRCm38_bismark_bt2_pe.bam	60406	29977	30429	0	238	14415170	0.005288927085454272	9687.91268992424	7.6341267	7.3006124	1327
11_Liver_r1_C_GRCm38_bismark_bt2_pe.bam	21663	10901	10762	0	276	5981437	0.0021945897383963105	11208.900135040283	8.698548	8.446797	1327
11_Liver_r1_N_GRCm38_bismark_bt2_pe.bam	76345	37922	38423	0	252	19309687	0.007084725784430169	4727.104712963104	3.5593193	3.5622492	1327
11_Liver_r1_X_GRCm38_bismark_bt2_pe.bam	37264	18584	18680	0	252	9420839	0.0034565066214830584	9496.74917793274	7.3310366	7.1565557	1327
11_Liver_r2_C_GRCm38_bismark_bt2_pe.bam	77891	38879	39012	0	262	20441913	0.007500139599061252	11966.949110984802	9.205961	9.018047	1327
11_Liver_r2_N_GRCm38_bismark_bt2_pe.bam	274674	136917	137757	0	239	65741240	0.024120466485469807	2291.9758348464966	1.7122047	1.727186	1327
11_Liver_r2_X_GRCm38_bismark_bt2_pe.bam	100347	49735	50612	0	244	24529049	0.008999710141228651	10790.692590713501	8.316931	8.131645	1327
11_Liver_r3_C_GRCm38_bismark_bt2_pe.bam	56451	28304	28147	0	249	14101992	0.005174022050912994	11428.737015724182	8.847297	8.612462	1327
11_Liver_r3_N_GRCm38_bismark_bt2_pe.bam	175481	87481	88000	0	228	40122425	0.014720921107181366	3142.651790857315	2.3586102	2.368238	1327
11_Liver_r3_X_GRCm38_bismark_bt2_pe.bam	83208	41228	41980	0	231	19268405	0.007069579415157956	9905.272943735123	7.6745963	7.464411	1327
11_scAT_r1_C_GRCm38_bismark_bt2_pe.bam	83836	41781	42055	0	255	21415677	0.00785741369256416	11086.910758972168	8.530482	8.354869	1327
11_scAT_r1_N_GRCm38_bismark_bt2_pe.bam	268958	134096	134862	0	238	64095451	0.023516626362943143	2334.6281485557556	1.742544	1.7593279	1327
11_scAT_r1_X_GRCm38_bismark_bt2_pe.bam	129784	64878	64906	0	237	30785757	0.011295296832677897	9325.959000349045	7.193743	7.0278516	1327
11_scAT_r2_C_GRCm38_bismark_bt2_pe.bam	57095	28139	28956	0	270	15453734	0.005669976304407481	11764.653086185455	9.037382	8.865602	1327
11_scAT_r2_N_GRCm38_bismark_bt2_pe.bam	226854	112987	113867	0	236	53573172	0.0196560013128184	2656.233667373657	1.9881608	2.0016832	1327
11_scAT_r2_X_GRCm38_bismark_bt2_pe.bam	78551	39200	39351	0	244	19244466	0.007060796194044457	10405.86265707016	8.062544	7.841645	1327
12_BAT_r1_C_GRCm38_bismark_bt2_pe.bam	35826	17799	18027	0	236	8474024	0.0031091201183468214	11290.088679790497	8.70974	8.507979	1327
12_BAT_r1_N_GRCm38_bismark_bt2_pe.bam	127754	64011	63743	0	228	29146308	0.010693782856684488	3740.458783864975	2.8165567	2.818733	1327
12_BAT_r1_X_GRCm38_bismark_bt2_pe.bam	64157	31759	32398	0	224	14403995	0.005284826977014347	9506.010733366013	7.421681	7.1635346	1327
12_BAT_r2_C_GRCm38_bismark_bt2_pe.bam	55988	27827	28161	0	246	13789710	0.005059445758847077	11240.382850646973	8.743701	8.470522	1327
12_BAT_r2_N_GRCm38_bismark_bt2_pe.bam	164118	81408	82710	0	235	38717040	0.014205285232474987	3265.9030582904816	2.4551914	2.4611175	1327
12_BAT_r2_X_GRCm38_bismark_bt2_pe.bam	52824	26192	26632	0	235	12432218	0.00456138182986896	9459.968932628632	7.4125876	7.1288385	1327
12_BAT_r3_C_GRCm38_bismark_bt2_pe.bam	54562	27359	27203	0	243	13309277	0.004883174850738047	11457.079085350037	8.8963995	8.63382	1327
12_BAT_r3_N_GRCm38_bismark_bt2_pe.bam	175185	87174	88011	0	220	38692565	0.014196305352916406	3155.1649022102356	2.3610458	2.3776677	1327
12_BAT_r3_X_GRCm38_bismark_bt2_pe.bam	79958	40025	39933	0	223	17884685	0.006561892430773812	9869.009723901749	7.6446137	7.4370832	1327
12_Blood_r1_C_GRCm38_bismark_bt2_pe.bam	55567	27716	27851	0	264	14681780	0.005386746316878734	11396.184881687164	8.813484	8.587932	1327
12_Blood_r1_N_GRCm38_bismark_bt2_pe.bam	210009	104628	105381	0	241	50718067	0.018608463048176642	2791.1060180664062	2.099474	2.1033204	1327
12_Blood_r1_X_GRCm38_bismark_bt2_pe.bam	98962	49300	49662	0	239	23728149	0.008705859863865267	9566.594911336899	7.424444	7.20919	1327
12_Blood_r2_C_GRCm38_bismark_bt2_pe.bam	58997	29424	29573	0	239	14119493	0.005180443169284996	11130.638780593872	8.668178	8.387821	1327
12_Blood_r2_N_GRCm38_bismark_bt2_pe.bam	184051	91613	92438	0	230	42485509	0.01558793682553943	3048.1026191711426	2.2898195	2.2969878	1327
12_Blood_r2_X_GRCm38_bismark_bt2_pe.bam	89649	44617	45032	0	226	20311125	0.007452153470860725	9278.567541122437	7.180009	6.9921384	1327
12_Blood_r3_C_GRCm38_bismark_bt2_pe.bam	65628	32481	33147	0	246	16146178	0.005924034066248673	11478.975640535355	8.836435	8.650321	1327
12_Blood_r3_N_GRCm38_bismark_bt2_pe.bam	218593	108631	109962	0	223	48873558	0.017931712540935715	2722.2514564990997	2.0416777	2.0514328	1327
12_Blood_r3_X_GRCm38_bismark_bt2_pe.bam	98578	49090	49488	0	225	22215700	0.008150942198553779	9855.781237602234	7.5905185	7.4271145	1327
12_Liver_r1_C_GRCm38_bismark_bt2_pe.bam	30370	15126	15244	0	270	8218532	0.00301538008205749	11388.705572128296	8.848564	8.582295	1327
12_Liver_r1_N_GRCm38_bismark_bt2_pe.bam	106587	53345	53242	0	252	26875550	0.009860641555491927	4087.1010398864746	3.0778937	3.0799556	1327
12_Liver_r1_X_GRCm38_bismark_bt2_pe.bam	52275	26223	26052	0	249	13017362	0.004776071212685191	9648.95086812973	7.4276595	7.2712517	1327
12_Liver_r2_C_GRCm38_bismark_bt2_pe.bam	15661	7646	8015	0	255	4003390	0.0014688441277235563	11544.890445232391	8.99668	8.699993	1327
12_Liver_r2_N_GRCm38_bismark_bt2_pe.bam	55042	27440	27602	0	237	13088905	0.004802320345402645	5352.145822048187	4.03132	4.0332675	1327
12_Liver_r2_X_GRCm38_bismark_bt2_pe.bam	20198	9965	10233	0	239	4830322	0.001772245548076481	10473.711007595062	8.214606	7.892774	1327
12_Liver_r3_C_GRCm38_bismark_bt2_pe.bam	65759	32792	32967	0	246	16241355	0.0059589545155539735	11636.209119796753	8.971063	8.768808	1327
12_Liver_r3_N_GRCm38_bismark_bt2_pe.bam	205453	102904	102549	0	227	46822089	0.017179028392287465	2839.0239672660828	2.1311166	2.1394303	1327
12_Liver_r3_X_GRCm38_bismark_bt2_pe.bam	96395	48290	48105	0	229	22098208	0.008107834373871572	10189.442040920258	7.89846	7.6785545	1327
12_scAT_r1_C_GRCm38_bismark_bt2_pe.bam	78267	39301	38966	0	246	19317410	0.007087559353779748	11053.726296663284	8.533433	8.329862	1327
12_scAT_r1_N_GRCm38_bismark_bt2_pe.bam	253119	126874	126245	0	233	59171002	0.021709845610649675	2440.8910171985626	1.8301091	1.8394054	1327
12_scAT_r1_X_GRCm38_bismark_bt2_pe.bam	123257	61793	61464	0	230	28390239	0.010416381076991822	9299.69561958313	7.268186	7.00806	1327
12_scAT_r2_C_GRCm38_bismark_bt2_pe.bam	38313	18982	19331	0	269	10338037	0.003793026644828221	11732.275366306305	9.09834	8.841202	1327
12_scAT_r2_N_GRCm38_bismark_bt2_pe.bam	149050	74668	74382	0	239	35688824	0.013094232527372933	3448.728770494461	2.5941286	2.5988913	1327
12_scAT_r2_X_GRCm38_bismark_bt2_pe.bam	50856	25275	25581	0	246	12553843	0.004606006052598791	10468.05999135971	8.104794	7.8885155	1327
13_BAT_r1_C_GRCm38_bismark_bt2_pe.bam	34044	17096	16948	0	246	8385111	0.0030764979311683842	11290.839879512787	8.68381	8.508546	1327
13_BAT_r1_N_GRCm38_bismark_bt2_pe.bam	125477	62532	62945	0	233	29306429	0.010752531265052202	3780.1214032173157	2.842502	2.848622	1327
13_BAT_r1_X_GRCm38_bismark_bt2_pe.bam	61512	30858	30654	0	229	14087098	0.005168557441060265	9482.0776181221	7.344917	7.145499	1327
13_BAT_r2_C_GRCm38_bismark_bt2_pe.bam	47219	23524	23695	0	231	10936561	0.004012625150769839	10899.54392194748	8.574414	8.213673	1327
13_BAT_r2_N_GRCm38_bismark_bt2_pe.bam	150411	74687	75724	0	226	34131687	0.012522918831102752	3434.262825489044	2.5810149	2.58799	1327
13_BAT_r2_X_GRCm38_bismark_bt2_pe.bam	72484	36274	36210	0	222	16145691	0.005923855385907712	9189.968561887741	7.245625	6.925372	1327
13_BAT_r3_C_GRCm38_bismark_bt2_pe.bam	48575	24321	24254	0	250	12184201	0.004470384371708348	11583.887357711792	8.948605	8.72938	1327
13_BAT_r3_N_GRCm38_bismark_bt2_pe.bam	150088	74768	75320	0	229	34429952	0.012632352284689704	3440.634711742401	2.5841165	2.5927918	1327
13_BAT_r3_X_GRCm38_bismark_bt2_pe.bam	67218	33242	33976	0	231	15582207	0.005717113058913295	10085.37106704712	7.8018994	7.600129	1327
13_Blood_r1_C_GRCm38_bismark_bt2_pe.bam	22185	10895	11290	0	298	6628074	0.002431840908084694	11515.365721702576	8.953703	8.677744	1327
13_Blood_r1_N_GRCm38_bismark_bt2_pe.bam	73343	36721	36622	0	271	19906537	0.007303710099630988	4803.273036956787	3.6171937	3.6196482	1327
13_Blood_r1_X_GRCm38_bismark_bt2_pe.bam	36064	17727	18337	0	272	9838184	0.003609630537085782	9850.048062324524	7.6006513	7.4227943	1327
13_Blood_r2_C_GRCm38_bismark_bt2_pe.bam	33217	16609	16608	0	277	9206856	0.0033779962407850324	11717.982080459595	9.08186	8.830431	1327
13_Blood_r2_N_GRCm38_bismark_bt2_pe.bam	119513	59716	59797	0	245	29286853	0.010745348829005673	3867.7490956783295	2.9127574	2.9146564	1327
13_Blood_r2_X_GRCm38_bismark_bt2_pe.bam	43089	21514	21575	0	251	10822111	0.003970633436143494	10518.22385263443	8.121499	7.9263177	1327
13_Blood_r3_C_GRCm38_bismark_bt2_pe.bam	41146	20746	20400	0	259	10696100	0.003924399989644759	11292.136910915375	8.773029	8.509523	1327
13_Blood_r3_N_GRCm38_bismark_bt2_pe.bam	136271	67969	68302	0	233	31882505	0.01169769376612494	3626.3334386348724	2.7234464	2.7327306	1327
13_Blood_r3_X_GRCm38_bismark_bt2_pe.bam	61280	30446	30834	0	239	14652230	0.005375904419393295	9737.186417102814	7.6134024	7.337744	1327
13_Liver_r1_C_GRCm38_bismark_bt2_pe.bam	28831	14360	14471	0	246	7099461	0.002604792838032869	11321.36681842804	8.701198	8.53155	1327
13_Liver_r1_N_GRCm38_bismark_bt2_pe.bam	106807	53796	53011	0	232	24815834	0.009104931581850025	4084.9132475852966	3.0749187	3.078307	1327
13_Liver_r1_X_GRCm38_bismark_bt2_pe.bam	52117	25818	26299	0	229	11949088	0.004384121392233086	9444.536086559296	7.262102	7.117209	1327
13_Liver_r2_C_GRCm38_bismark_bt2_pe.bam	43900	22135	21765	0	250	10981901	0.004029260400583368	11791.700035095215	9.094598	8.885983	1327
13_Liver_r2_N_GRCm38_bismark_bt2_pe.bam	165670	82703	82967	0	226	37542720	0.013774427125703394	3246.5559051036835	2.4416125	2.446538	1327
13_Liver_r2_X_GRCm38_bismark_bt2_pe.bam	59708	29735	29973	0	231	13831630	0.005074826210372952	10474.553094863892	8.153395	7.8934083	1327
13_Liver_r3_C_GRCm38_bismark_bt2_pe.bam	54257	26925	27332	0	228	12422383	0.004557773367541742	11446.424383163452	8.904487	8.625791	1327
13_Liver_r3_N_GRCm38_bismark_bt2_pe.bam	178144	88463	89681	0	212	37875992	0.013896704650534771	3110.489144563675	2.336881	2.3440008	1327
13_Liver_r3_X_GRCm38_bismark_bt2_pe.bam	82409	41072	41337	0	213	17614657	0.006462819134861864	9925.4144718647	7.6885176	7.479589	1327
13_scAT_r1_C_GRCm38_bismark_bt2_pe.bam	94764	46662	48102	0	282	26810554	0.009836794517625138	11324.368689537048	8.721445	8.5338125	1327
13_scAT_r1_N_GRCm38_bismark_bt2_pe.bam	275993	137731	138262	0	260	72032343	0.026428672705312004	2275.9564077854156	1.7052933	1.7151141	1327
13_scAT_r1_X_GRCm38_bismark_bt2_pe.bam	131911	65935	65976	0	260	34390100	0.012617730582537769	9728.329459905624	7.5073256	7.3310695	1327
13_scAT_r2_C_GRCm38_bismark_bt2_pe.bam	91760	45882	45878	0	266	24432759	0.008964381332129737	11895.032531261444	9.173911	8.963853	1327
13_scAT_r2_N_GRCm38_bismark_bt2_pe.bam	343536	171454	172082	0	238	81884979	0.030043605682413335	1866.130527973175	1.3894637	1.4062777	1327
13_scAT_r2_X_GRCm38_bismark_bt2_pe.bam	121615	60404	61211	0	245	29860126	0.010955682740923438	10632.64474439621	8.16889	8.012543	1327
13_scAT_r3_C_GRCm38_bismark_bt2_pe.bam	33390	16995	16395	0	246	8234179	0.003021120967673553	11385.233917236328	8.811331	8.579679	1327
13_scAT_r3_N_GRCm38_bismark_bt2_pe.bam	104789	52225	52564	0	223	23404223	0.00858701138721998	4121.278940916061	3.1024377	3.1057112	1327
13_scAT_r3_X_GRCm38_bismark_bt2_pe.bam	48933	24349	24584	0	226	11083538	0.004066551024432016	9822.873331069946	7.6749763	7.402316	1327
14_BAT_r1_C_GRCm38_bismark_bt2_pe.bam	33590	16702	16888	0	233	7851719	0.002880796361504993	11068.346408843994	8.596264	8.340879	1327
14_BAT_r1_N_GRCm38_bismark_bt2_pe.bam	130706	65008	65698	0	225	29498782	0.010823105596930937	3699.02875828743	2.7835996	2.7875123	1327
14_BAT_r1_X_GRCm38_bismark_bt2_pe.bam	63058	31771	31287	0	220	13895240	0.005098164724723164	9236.176677703857	7.309105	6.9601936	1327
14_BAT_r2_C_GRCm38_bismark_bt2_pe.bam	27282	13588	13694	0	248	6773607	0.002485236978025417	11049.324023723602	8.655338	8.326544	1327
14_BAT_r2_N_GRCm38_bismark_bt2_pe.bam	79366	39312	40054	0	238	18954219	0.006954304545331896	4653.17752289772	3.503332	3.506539	1327
14_BAT_r2_X_GRCm38_bismark_bt2_pe.bam	39459	19743	19716	0	235	9276448	0.003403529551438388	9435.65484571457	7.248464	7.110516	1327
14_BAT_r3_C_GRCm38_bismark_bt2_pe.bam	20770	10236	10534	0	260	5412505	0.001985848539743664	11405.670087814331	8.9112835	8.595079	1327
14_BAT_r3_N_GRCm38_bismark_bt2_pe.bam	61621	30754	30867	0	235	14542512	0.005335648875964957	5137.599805831909	3.8684309	3.87159	1327
14_BAT_r3_X_GRCm38_bismark_bt2_pe.bam	29070	14286	14784	0	239	6975499	0.002559311169806474	10108.014868736267	7.91168	7.6171927	1327
14_Blood_r1_C_GRCm38_bismark_bt2_pe.bam	27201	13691	13510	0	261	7104733	0.0026067271352762946	11344.291435718536	8.659629	8.548825	1327
14_Blood_r1_N_GRCm38_bismark_bt2_pe.bam	99975	49731	50244	0	243	24323697	0.008924366475156575	4210.945482254028	3.170286	3.1732821	1327
14_Blood_r1_X_GRCm38_bismark_bt2_pe.bam	30333	15206	15127	0	242	7348442	0.0026961439878745628	9367.755856513977	7.3648963	7.0593486	1327
14_Blood_r2_C_GRCm38_bismark_bt2_pe.bam	50904	25321	25583	0	253	12915686	0.004738766279733263	11634.552764892578	8.996517	8.767561	1327
14_Blood_r2_N_GRCm38_bismark_bt2_pe.bam	209509	105384	104125	0	227	47726670	0.017510919237271418	2798.5572459697723	2.1029127	2.1089354	1327
14_Blood_r2_X_GRCm38_bismark_bt2_pe.bam	70931	35270	35661	0	231	16444777	0.0060335900644637175	10225.194987773895	7.987365	7.7054973	1327
14_Blood_r3_C_GRCm38_bismark_bt2_pe.bam	64439	32022	32417	0	239	15429819	0.005661201888896	11454.47423171997	8.813903	8.631857	1327
14_Blood_r3_N_GRCm38_bismark_bt2_pe.bam	214976	107206	107770	0	222	47743822	0.017517212307514067	2753.305624485016	2.0657494	2.0748346	1327
14_Blood_r3_X_GRCm38_bismark_bt2_pe.bam	97336	48290	49046	0	224	21810950	0.008002439389510415	9895.186479091644	7.6828113	7.4568095	1327
14_Liver_r1_C_GRCm38_bismark_bt2_pe.bam	26666	13199	13467	0	251	6711618	0.002462493208711547	11379.83988571167	8.813817	8.575614	1327
14_Liver_r1_N_GRCm38_bismark_bt2_pe.bam	93139	46624	46515	0	235	21942301	0.008050632082458296	4346.125524997711	3.2724676	3.275151	1327
14_Liver_r1_X_GRCm38_bismark_bt2_pe.bam	45078	22375	22703	0	232	10502925	0.0038535240658968857	9653.266555309296	7.4714327	7.2745037	1327
14_Liver_r2_C_GRCm38_bismark_bt2_pe.bam	55168	27602	27566	0	243	13427478	0.0049265428075798865	11869.571739196777	9.134221	8.944666	1327
14_Liver_r2_N_GRCm38_bismark_bt2_pe.bam	208091	103582	104509	0	219	45690633	0.01676389709072115	2810.126893043518	2.1127105	2.117654	1327
14_Liver_r2_X_GRCm38_bismark_bt2_pe.bam	75196	37472	37724	0	223	16825444	0.006173256818781469	10532.231741666794	8.125518	7.936874	1327
14_Liver_r3_C_GRCm38_bismark_bt2_pe.bam	55434	27531	27903	0	239	13303861	0.00488118771988251	11614.20242023468	8.927972	8.752225	1327
14_Liver_r3_N_GRCm38_bismark_bt2_pe.bam	173282	85940	87342	0	217	37739820	0.013846743132281398	3170.5888590812683	2.3768032	2.3892908	1327
14_Liver_r3_X_GRCm38_bismark_bt2_pe.bam	80124	39759	40365	0	222	17802659	0.006531797084474638	10063.923986434937	7.811547	7.5839667	1327
14_scAT_r1_C_GRCm38_bismark_bt2_pe.bam	53911	26648	27263	0	279	15052573	0.005522790299765987	11089.400563240051	8.605594	8.356745	1327
14_scAT_r1_N_GRCm38_bismark_bt2_pe.bam	163701	82010	81691	0	258	42379105	0.015548897188989831	3269.9017968177795	2.4588618	2.4641309	1327
14_scAT_r1_X_GRCm38_bismark_bt2_pe.bam	78536	39196	39340	0	257	20258051	0.007432680615796692	9489.728955745697	7.3709416	7.151265	1327
14_scAT_r2_C_GRCm38_bismark_bt2_pe.bam	54597	27509	27088	0	276	15118082	0.005546825557375923	11718.49869966507	9.053016	8.83082	1327
14_scAT_r2_N_GRCm38_bismark_bt2_pe.bam	209446	104204	105242	0	244	51157327	0.01876962757912263	2802.8290553092957	2.1033466	2.1121545	1327
14_scAT_r2_X_GRCm38_bismark_bt2_pe.bam	73717	36855	36862	0	250	18502593	0.006788602927945811	10439.427998542786	8.083787	7.866939	1327
14_scAT_r3_C_GRCm38_bismark_bt2_pe.bam	34316	17060	17256	0	259	8917010	0.0032716517190061996	11364.724538326263	8.771866	8.564223	1327
14_scAT_r3_N_GRCm38_bismark_bt2_pe.bam	110960	55532	55428	0	234	25998413	0.009538819916416278	4009.515837907791	3.0198853	3.021489	1327
14_scAT_r3_X_GRCm38_bismark_bt2_pe.bam	50515	25213	25302	0	238	12036016	0.004416015282744566	9859.69621515274	7.7665763	7.430065	1327
15_BAT_r1_C_GRCm38_bismark_bt2_pe.bam	60163	29744	30419	0	256	15435946	0.005663449885711339	11632.055505752563	8.96187	8.765678	1327
15_BAT_r1_N_GRCm38_bismark_bt2_pe.bam	204480	102077	102403	0	242	49578483	0.01819034958272668	2850.8908846378326	2.1379652	2.148373	1327
15_BAT_r1_X_GRCm38_bismark_bt2_pe.bam	100968	50296	50672	0	239	24230462	0.008890158545814616	9942.88306093216	7.700347	7.492753	1327
15_BAT_r2_C_GRCm38_bismark_bt2_pe.bam	45841	23144	22697	0	259	11908787	0.004369334951943385	11261.865924835205	8.769146	8.4867115	1327
15_BAT_r2_N_GRCm38_bismark_bt2_pe.bam	129772	64323	65449	0	245	31840733	0.011682367615811514	3720.33522939682	2.7939458	2.8035684	1327
15_BAT_r2_X_GRCm38_bismark_bt2_pe.bam	65638	32753	32885	0	243	15974764	0.005861142255231109	9607.237659454346	7.5142875	7.239817	1327
15_BAT_r3_C_GRCm38_bismark_bt2_pe.bam	64078	31693	32385	0	250	16034520	0.0058830667366571625	11616.15262389183	8.964026	8.753695	1327
15_BAT_r3_N_GRCm38_bismark_bt2_pe.bam	197105	98347	98758	0	228	44991178	0.016507266992390263	2920.308935403824	2.1909606	2.200685	1327
15_BAT_r3_X_GRCm38_bismark_bt2_pe.bam	91992	45607	46385	0	231	21316268	0.007820940522102906	10088.012570858002	7.7642756	7.6021194	1327
15_Blood_r1_C_GRCm38_bismark_bt2_pe.bam	44957	22187	22770	0	266	11974319	0.004393378648255256	11483.789905548096	8.867628	8.653949	1327
15_Blood_r1_N_GRCm38_bismark_bt2_pe.bam	163034	81070	81964	0	248	40495776	0.014857903620483772	3277.222235918045	2.4647522	2.4696474	1327
15_Blood_r1_X_GRCm38_bismark_bt2_pe.bam	77457	38640	38817	0	246	19067751	0.006995959445681027	9715.82062625885	7.4978156	7.3216434	1327
15_Blood_r2_C_GRCm38_bismark_bt2_pe.bam	79001	39298	39703	0	270	21368924	0.007840260012931782	11899.858644008636	9.121417	8.967489	1327
15_Blood_r2_N_GRCm38_bismark_bt2_pe.bam	285670	142373	143297	0	243	69433875	0.025475294577555884	2223.1329112052917	1.6555755	1.6753074	1327
15_Blood_r2_X_GRCm38_bismark_bt2_pe.bam	98956	49679	49277	0	248	24575407	0.009016718895327805	10660.723434448242	8.243959	8.033703	1327
15_Blood_r3_C_GRCm38_bismark_bt2_pe.bam	80256	39705	40551	0	258	20783721	0.007625548983010588	11627.65002655983	8.887175	8.762359	1327
15_Blood_r3_N_GRCm38_bismark_bt2_pe.bam	253479	126203	127276	0	236	59861695	0.021963260930443592	2436.1302258968353	1.8280588	1.8358178	1327
15_Blood_r3_X_GRCm38_bismark_bt2_pe.bam	115398	57335	58063	0	239	27663854	0.010149870359395866	10160.116274356842	7.8157496	7.6564555	1327
15_Liver_r1_C_GRCm38_bismark_bt2_pe.bam	17196	8383	8813	0	243	4179263	0.001533371946216165	10991.34847164154	8.669138	8.282855	1327
15_Liver_r1_N_GRCm38_bismark_bt2_pe.bam	50669	25387	25282	0	231	11736793	0.004306230338877037	5509.868869304657	4.1507497	4.1521244	1327
15_Liver_r1_X_GRCm38_bismark_bt2_pe.bam	25942	12962	12980	0	228	5918245	0.002171404588281256	9481.159667491913	7.2685666	7.144808	1327
15_Liver_r2_C_GRCm38_bismark_bt2_pe.bam	24188	12068	12120	0	212	5141095	0.001886268187915476	11276.227021217346	8.828997	8.497534	1327
15_Liver_r2_N_GRCm38_bismark_bt2_pe.bam	108458	54096	54362	0	203	22120226	0.008115912779923498	4054.4820704460144	3.0527883	3.0553746	1327
15_Liver_r2_X_GRCm38_bismark_bt2_pe.bam	35558	17686	17872	0	200	7132533	0.002616926957614542	9777.913178920746	7.621037	7.368435	1327
15_Liver_r3_C_GRCm38_bismark_bt2_pe.bam	12117	6098	6019	0	263	3197879	0.0011733020740723433	11341.463151454926	8.688752	8.546694	1327
15_Liver_r3_N_GRCm38_bismark_bt2_pe.bam	36272	18018	18254	0	238	8637825	0.003169218719024059	6151.355092048645	4.632997	4.6355352	1327
15_Liver_r3_X_GRCm38_bismark_bt2_pe.bam	16739	8344	8395	0	240	4033352	0.0014798371880436483	9936.25569486618	7.4856052	7.4877586	1327
15_scAT_r1_C_GRCm38_bismark_bt2_pe.bam	99823	49772	50051	0	267	26715912	0.009802070359864837	11378.560752630234	8.750749	8.57465	1327
15_scAT_r1_N_GRCm38_bismark_bt2_pe.bam	300666	150009	150657	0	249	75029731	0.027528414614621126	2120.9201242923737	1.5817633	1.598282	1327
15_scAT_r1_X_GRCm38_bismark_bt2_pe.bam	147503	73321	74182	0	248	36604262	0.013430106806570061	9696.152579545975	7.5685387	7.306822	1327
15_scAT_r2_C_GRCm38_bismark_bt2_pe.bam	62360	31424	30936	0	264	16489465	0.006049986095422407	11768.5639564991	9.003235	8.868548	1327
15_scAT_r2_N_GRCm38_bismark_bt2_pe.bam	245556	122675	122881	0	234	57539475	0.02111123821712258	2506.3578258752823	1.8738731	1.8887398	1327
15_scAT_r2_X_GRCm38_bismark_bt2_pe.bam	85373	42557	42816	0	240	20534262	0.007534022454928691	10388.854904651642	8.009508	7.8288283	1327
15_scAT_r3_C_GRCm38_bismark_bt2_pe.bam	49659	25002	24657	0	248	12320124	0.004520254531840778	11426.463201522827	8.855363	8.610748	1327
15_scAT_r3_N_GRCm38_bismark_bt2_pe.bam	167439	82959	84480	0	226	37986887	0.013937392035362105	3225.5503413677216	2.4262896	2.4307086	1327
15_scAT_r3_X_GRCm38_bismark_bt2_pe.bam	76692	38226	38466	0	229	17581389	0.006450613102863705	9933.75489616394	7.70478	7.485874	1327
16_BAT_r1_C_GRCm38_bismark_bt2_pe.bam	24831	12409	12422	0	267	6647065	0.0024388087075820197	11592.75700712204	8.9166765	8.736064	1327
16_BAT_r1_N_GRCm38_bismark_bt2_pe.bam	76900	38248	38652	0	252	19425508	0.007127220519071828	4713.478014469147	3.5488696	3.5519805	1327
16_BAT_r1_X_GRCm38_bismark_bt2_pe.bam	39630	20038	19592	0	250	9927834	0.003642523129626208	9972.338809967041	7.8271885	7.5149503	1327
16_BAT_r2_C_GRCm38_bismark_bt2_pe.bam	64235	31775	32460	0	252	16189071	0.005939771511556387	11387.70145201683	8.767852	8.581538	1327
16_BAT_r2_N_GRCm38_bismark_bt2_pe.bam	185328	92448	92880	0	240	44503521	0.016328345598073626	3041.9010741710663	2.279844	2.2923143	1327
16_BAT_r2_X_GRCm38_bismark_bt2_pe.bam	93680	46765	46915	0	237	22209308	0.00814859697321615	9813.795510530472	7.58604	7.395475	1327
16_BAT_r3_C_GRCm38_bismark_bt2_pe.bam	65260	32482	32778	0	249	16279644	0.005973002752874446	11506.927577257156	8.891853	8.671385	1327
16_BAT_r3_N_GRCm38_bismark_bt2_pe.bam	204480	101225	103255	0	225	46204999	0.01695261801938427	2848.417859315872	2.1379652	2.1465094	1327
16_BAT_r3_X_GRCm38_bismark_bt2_pe.bam	97385	48460	48925	0	229	22322452	0.008190109516332648	9942.117779016495	7.7524743	7.492176	1327
16_Blood_r1_C_GRCm38_bismark_bt2_pe.bam	29355	14591	14764	0	268	7892851	0.0028958876957645894	11476.06246137619	8.897605	8.648126	1327
16_Blood_r1_N_GRCm38_bismark_bt2_pe.bam	104817	52588	52229	0	249	26154519	0.009596095220946293	4119.007336854935	3.1020522	3.1039996	1327
16_Blood_r1_X_GRCm38_bismark_bt2_pe.bam	50298	25034	25264	0	249	12546860	0.0046034439893114535	9683.106544494629	7.6352835	7.2969904	1327
16_Blood_r2_C_GRCm38_bismark_bt2_pe.bam	29570	14905	14665	0	281	8336622	0.0030587073129899932	11707.52404499054	9.079722	8.82255	1327
16_Blood_r2_N_GRCm38_bismark_bt2_pe.bam	109596	54815	54781	0	247	27105790	0.009945116630857322	4041.9317791461945	3.03773	3.045917	1327
16_Blood_r2_X_GRCm38_bismark_bt2_pe.bam	38589	19201	19388	0	257	9920114	0.003639690660976882	10582.221461296082	8.155098	7.974545	1327
16_Blood_r3_C_GRCm38_bismark_bt2_pe.bam	65030	32369	32661	0	255	16587226	0.006085854614545047	11516.82894062996	8.896947	8.678846	1327
16_Blood_r3_N_GRCm38_bismark_bt2_pe.bam	212294	106277	106017	0	232	49343123	0.018103995978930643	2784.532256126404	2.0838614	2.0983665	1327
16_Blood_r3_X_GRCm38_bismark_bt2_pe.bam	95766	47908	47858	0	235	22593972	0.008289730227170087	9913.62735581398	7.7062707	7.4707065	1327
16_Liver_r1_C_GRCm38_bismark_bt2_pe.bam	37469	18938	18531	0	221	8312422	0.0030498283309545408	10602.920578956604	8.323121	7.990144	1327
16_Liver_r1_N_GRCm38_bismark_bt2_pe.bam	123075	60830	62245	0	217	26766429	0.009820605051413802	3818.1487126350403	2.870387	2.8772786	1327
16_Liver_r1_X_GRCm38_bismark_bt2_pe.bam	59304	29498	29806	0	212	12627492	0.00463302787689338	8813.419091701508	6.8830814	6.641612	1327
16_Liver_r2_C_GRCm38_bismark_bt2_pe.bam	23096	11579	11517	0	224	5181683	0.0019011599285293165	11336.93390750885	8.895645	8.543281	1327
16_Liver_r2_N_GRCm38_bismark_bt2_pe.bam	101256	50601	50655	0	213	21639297	0.007939459889372748	4186.482840538025	3.1519177	3.1548476	1327
16_Liver_r2_X_GRCm38_bismark_bt2_pe.bam	33750	16847	16903	0	213	7213171	0.002646513046596972	9861.793716430664	7.6963234	7.4316454	1327
16_Liver_r3_C_GRCm38_bismark_bt2_pe.bam	19742	9903	9839	0	210	4151945	0.0015233489697184589	10881.688168525696	8.469943	8.200217	1327
16_Liver_r3_N_GRCm38_bismark_bt2_pe.bam	71906	35753	36153	0	203	14608885	0.0053600011352475645	4840.026017904282	3.6457407	3.6473444	1327
16_Liver_r3_X_GRCm38_bismark_bt2_pe.bam	31418	15643	15775	0	200	6301259	0.002311932457096413	9235.786940574646	6.9922647	6.9599	1327
16_scAT_r1_C_GRCm38_bismark_bt2_pe.bam	154590	77220	77370	0	271	41932980	0.015385213888966433	11357.794461488724	8.780944	8.559001	1327
16_scAT_r1_N_GRCm38_bismark_bt2_pe.bam	466267	232257	234010	0	249	116511669	0.0427481411558506	1291.1922976970673	0.9487686	0.973016	1327
16_scAT_r1_X_GRCm38_bismark_bt2_pe.bam	232168	115861	116307	0	248	57703704	0.021171493851035818	9645.739804029465	7.464311	7.2688317	1327
16_scAT_r2_C_GRCm38_bismark_bt2_pe.bam	59845	29850	29995	0	264	15847785	0.005814553649450956	11798.124042272568	9.062625	8.890824	1327
16_scAT_r2_N_GRCm38_bismark_bt2_pe.bam	226041	112577	113464	0	238	54002144	0.019813391175699066	2662.7629857063293	1.9933405	2.0066037	1327
16_scAT_r2_X_GRCm38_bismark_bt2_pe.bam	80450	39848	40602	0	245	19764559	0.007251618359489274	10536.29459643364	8.095195	7.9399357	1327
16_scAT_r3_C_GRCm38_bismark_bt2_pe.bam	81408	40771	40637	0	255	20813647	0.007636528834927652	11636.775903463364	8.904088	8.769236	1327
16_scAT_r3_N_GRCm38_bismark_bt2_pe.bam	256324	127694	128630	0	229	58928379	0.02162082721154275	2414.3463485240936	1.8119564	1.819402	1327
16_scAT_r3_X_GRCm38_bismark_bt2_pe.bam	120145	59678	60467	0	233	28090214	0.010306301879256838	10135.156268835068	7.7575912	7.637646	1327
